28
70 21 7 64
59 1 15 22
33 2 10 30
6 4 5 2
1 1 Inf 1
27 26 20 18
17 12 15 6
62 Inf 16 41
31 17 Inf 20
53 52 53 10
21 18 2 18
19 12 Inf Inf
108 91 83 85
52 Inf 52 22
5 1 5 5
8 3 Inf 2
97 32 4 50
8 4 2 1
47 23 45 1
67 21 56 54
17 1 11 Inf
8 6 2 4
3 1 3 3
21 1 20 4
107 Inf Inf 104
3 3 1 Inf
2 1 1 1
72 Inf Inf 49
1 3
1 4
1 5
1 8
1 19
1 21
1 22
1 23
1 24
1 26
2 6
2 17
3 28
4 28
5 28
6 7
7 18
8 9
9 10
10 11
10 12
11 15
12 13
13 14
13 16
14 28
15 28
16 28
17 28
18 28
19 20
20 28
21 28
22 28
23 28
24 25
25 28
26 27
27 28
-1 -1
