28
70 27 3 27
59 42 37 18
33 12 31 22
6 5 1 6
1 1 1 1
27 5 22 19
17 Inf 13 5
62 48 20 Inf
31 Inf 12 19
53 Inf 35 24
21 7 8 16
19 Inf 11 Inf
108 93 Inf 94
52 Inf 47 37
5 5 5 Inf
8 8 7 Inf
97 13 71 40
8 5 6 1
47 29 4 5
67 45 18 41
17 12 2 10
8 4 Inf 8
3 1 2 3
21 Inf 7 15
107 9 88 29
3 2 3 2
2 2 2 2
72 30 16 28
1 3
1 4
1 5
1 8
1 19
1 21
1 22
1 23
1 24
1 26
2 6
2 17
3 28
4 28
5 28
6 7
7 18
8 9
9 10
10 11
10 12
11 15
12 13
13 14
13 16
14 28
15 28
16 28
17 28
18 28
19 20
20 28
21 28
22 28
23 28
24 25
25 28
26 27
27 28
-1 -1
