28
70 2 59 Inf
59 51 4 50
33 30 21 19
6 Inf 2 5
1 1 1 Inf
27 Inf 8 11
17 Inf 11 4
62 Inf Inf 9
31 22 8 13
53 39 53 37
21 20 10 10
19 8 10 Inf
108 30 1 58
52 8 35 Inf
5 1 1 Inf
8 2 8 6
97 5 33 57
8 3 8 3
47 Inf 44 Inf
67 10 21 47
17 2 Inf Inf
8 Inf 3 Inf
3 1 3 3
21 1 8 14
107 37 69 96
3 Inf 1 Inf
2 1 1 1
72 34 Inf 32
1 3
1 4
1 5
1 8
1 19
1 21
1 22
1 23
1 24
1 26
2 6
2 17
3 28
4 28
5 28
6 7
7 18
8 9
9 10
10 11
10 12
11 15
12 13
13 14
13 16
14 28
15 28
16 28
17 28
18 28
19 20
20 28
21 28
22 28
23 28
24 25
25 28
26 27
27 28
-1 -1
