28
70 67 61 48
59 Inf 48 Inf
33 17 Inf Inf
6 4 Inf Inf
1 1 1 1
27 7 2 13
17 Inf 14 11
62 32 56 43
31 8 4 27
53 49 Inf Inf
21 7 17 Inf
19 6 Inf 4
108 78 39 Inf
52 Inf 50 11
5 1 1 2
8 8 1 3
97 28 49 17
8 7 Inf Inf
47 Inf 27 27
67 51 39 4
17 3 8 Inf
8 6 Inf 6
3 1 Inf 3
21 Inf 4 8
107 Inf 43 38
3 Inf 3 2
2 Inf Inf 2
72 14 47 30
1 3
1 4
1 5
1 8
1 19
1 21
1 22
1 23
1 24
1 26
2 6
2 17
3 28
4 28
5 28
6 7
7 18
8 9
9 10
10 11
10 12
11 15
12 13
13 14
13 16
14 28
15 28
16 28
17 28
18 28
19 20
20 28
21 28
22 28
23 28
24 25
25 28
26 27
27 28
-1 -1
