28
70 36 13 18
59 Inf 27 Inf
33 1 14 13
6 6 4 6
1 Inf 1 1
27 4 19 24
17 3 1 16
62 1 41 39
31 Inf Inf 5
53 19 36 9
21 16 17 5
19 16 10 13
108 50 47 Inf
52 42 16 40
5 2 5 1
8 7 2 5
97 17 Inf Inf
8 4 Inf 8
47 29 21 41
67 4 9 4
17 13 9 14
8 Inf 1 Inf
3 Inf Inf 3
21 21 12 4
107 106 81 79
3 1 2 1
2 1 2 1
72 Inf 44 44
1 3
1 4
1 5
1 8
1 19
1 21
1 22
1 23
1 24
1 26
2 6
2 17
3 28
4 28
5 28
6 7
7 18
8 9
9 10
10 11
10 12
11 15
12 13
13 14
13 16
14 28
15 28
16 28
17 28
18 28
19 20
20 28
21 28
22 28
23 28
24 25
25 28
26 27
27 28
-1 -1
