28
70 Inf 6 35
59 Inf 38 41
33 29 20 Inf
6 1 Inf 5
1 1 Inf Inf
27 Inf 13 Inf
17 12 5 17
62 Inf Inf 10
31 Inf 28 2
53 53 5 20
21 8 9 21
19 13 9 Inf
108 89 Inf 104
52 21 Inf Inf
5 Inf 4 2
8 3 Inf 6
97 63 Inf Inf
8 1 Inf 5
47 34 39 21
67 47 Inf 19
17 Inf 2 8
8 8 3 7
3 Inf 2 1
21 12 4 2
107 82 Inf 74
3 1 3 Inf
2 1 2 2
72 60 63 23
1 3
1 4
1 5
1 8
1 19
1 21
1 22
1 23
1 24
1 26
2 6
2 17
3 28
4 28
5 28
6 7
7 18
8 9
9 10
10 11
10 12
11 15
12 13
13 14
13 16
14 28
15 28
16 28
17 28
18 28
19 20
20 28
21 28
22 28
23 28
24 25
25 28
26 27
27 28
-1 -1
