28
70 58 43 31
59 29 Inf 10
33 24 4 Inf
6 4 4 6
1 1 1 1
27 7 12 10
17 10 14 3
62 Inf 47 Inf
31 Inf 27 9
53 Inf 47 27
21 Inf 1 8
19 8 15 Inf
108 79 72 23
52 15 Inf Inf
5 4 4 Inf
8 4 2 Inf
97 35 18 84
8 5 2 1
47 Inf 11 Inf
67 Inf 2 9
17 2 1 9
8 2 8 3
3 1 Inf Inf
21 10 8 Inf
107 107 53 72
3 2 2 1
2 1 1 2
72 Inf 31 Inf
1 3
1 4
1 5
1 8
1 19
1 21
1 22
1 23
1 24
1 26
2 6
2 17
3 28
4 28
5 28
6 7
7 18
8 9
9 10
10 11
10 12
11 15
12 13
13 14
13 16
14 28
15 28
16 28
17 28
18 28
19 20
20 28
21 28
22 28
23 28
24 25
25 28
26 27
27 28
-1 -1
