28
70 33 22 11
59 8 Inf 42
33 8 Inf 18
6 3 2 4
1 1 1 1
27 4 21 18
17 9 10 6
62 3 30 12
31 13 Inf 13
53 7 2 2
21 10 Inf 2
19 4 Inf Inf
108 27 38 Inf
52 25 22 19
5 1 5 5
8 Inf 7 3
97 2 20 17
8 Inf 6 5
47 30 47 40
67 Inf 36 63
17 13 16 2
8 3 Inf 5
3 1 1 Inf
21 20 11 21
107 Inf 71 90
3 Inf 2 Inf
2 1 2 Inf
72 54 29 35
1 3
1 4
1 5
1 8
1 19
1 21
1 22
1 23
1 24
1 26
2 6
2 17
3 28
4 28
5 28
6 7
7 18
8 9
9 10
10 11
10 12
11 15
12 13
13 14
13 16
14 28
15 28
16 28
17 28
18 28
19 20
20 28
21 28
22 28
23 28
24 25
25 28
26 27
27 28
-1 -1
