28
70 64 7 Inf
59 Inf 14 7
33 16 23 Inf
6 Inf 6 Inf
1 1 1 1
27 Inf Inf Inf
17 4 10 8
62 9 2 24
31 Inf 30 24
53 13 47 1
21 21 5 Inf
19 2 12 10
108 105 60 Inf
52 28 5 26
5 2 4 1
8 6 6 7
97 75 1 56
8 Inf 7 4
47 40 Inf 5
67 Inf Inf 56
17 4 6 Inf
8 2 1 8
3 2 1 2
21 Inf 11 Inf
107 77 52 Inf
3 1 2 1
2 1 1 2
72 64 72 17
1 3
1 4
1 5
1 8
1 19
1 21
1 22
1 23
1 24
1 26
2 6
2 17
3 28
4 28
5 28
6 7
7 18
8 9
9 10
10 11
10 12
11 15
12 13
13 14
13 16
14 28
15 28
16 28
17 28
18 28
19 20
20 28
21 28
22 28
23 28
24 25
25 28
26 27
27 28
-1 -1
