28
70 Inf 73 124
59 Inf 101 4
33 52 64 12
6 1 7 9
1 2 Inf 2
27 24 Inf Inf
17 1 Inf 24
62 115 77 Inf
31 22 62 Inf
53 89 96 Inf
21 31 27 2
19 Inf Inf 12
108 183 89 82
52 18 5 87
5 1 8 Inf
8 4 7 5
97 Inf 53 85
8 Inf 16 10
47 67 53 77
67 104 64 132
17 10 31 14
8 Inf 8 10
3 1 3 4
21 41 7 3
107 Inf 11 85
3 Inf 6 5
2 1 4 3
72 84 59 21
1 3
1 4
1 5
1 8
1 19
1 21
1 22
1 23
1 24
1 26
2 6
2 17
3 28
4 28
5 28
6 7
7 18
8 9
9 10
10 11
10 12
11 15
12 13
13 14
13 16
14 28
15 28
16 28
17 28
18 28
19 20
20 28
21 28
22 28
23 28
24 25
25 28
26 27
27 28
-1 -1
