28
70 77 137 Inf
59 53 58 53
33 16 8 44
6 6 1 Inf
1 2 1 1
27 2 9 52
17 17 6 17
62 Inf 19 27
31 Inf 24 61
53 62 53 8
21 29 42 28
19 6 8 31
108 111 94 43
52 93 76 4
5 Inf 3 7
8 16 3 Inf
97 155 154 39
8 6 2 1
47 2 20 85
67 88 Inf 101
17 Inf 11 31
8 13 10 6
3 3 1 1
21 1 7 12
107 129 8 Inf
3 5 2 Inf
2 2 4 1
72 141 94 91
1 3
1 4
1 5
1 8
1 19
1 21
1 22
1 23
1 24
1 26
2 6
2 17
3 28
4 28
5 28
6 7
7 18
8 9
9 10
10 11
10 12
11 15
12 13
13 14
13 16
14 28
15 28
16 28
17 28
18 28
19 20
20 28
21 28
22 28
23 28
24 25
25 28
26 27
27 28
-1 -1
