28
70 127 122 Inf
59 102 75 Inf
33 43 7 14
6 Inf 2 12
1 Inf 2 1
27 51 40 20
17 27 27 32
62 92 79 95
31 Inf 54 23
53 2 82 100
21 38 37 16
19 20 21 14
108 101 16 37
52 100 2 59
5 10 Inf 6
8 14 4 8
97 165 51 125
8 13 2 16
47 74 3 3
67 91 Inf 29
17 15 7 21
8 10 1 15
3 5 1 4
21 41 Inf 41
107 201 159 34
3 4 5 5
2 3 4 1
72 Inf Inf 123
1 3
1 4
1 5
1 8
1 19
1 21
1 22
1 23
1 24
1 26
2 6
2 17
3 28
4 28
5 28
6 7
7 18
8 9
9 10
10 11
10 12
11 15
12 13
13 14
13 16
14 28
15 28
16 28
17 28
18 28
19 20
20 28
21 28
22 28
23 28
24 25
25 28
26 27
27 28
-1 -1
