28
70 116 7 107
59 63 25 35
33 44 48 61
6 6 4 6
1 2 1 Inf
27 Inf 19 1
17 18 Inf 3
62 124 Inf 41
31 22 Inf 47
53 29 50 Inf
21 26 27 20
19 29 22 5
108 12 206 Inf
52 84 36 98
5 10 7 2
8 Inf 15 4
97 19 33 9
8 Inf 12 2
47 92 94 85
67 63 113 94
17 31 8 32
8 Inf 7 7
3 Inf 5 6
21 29 28 9
107 101 171 205
3 3 4 4
2 3 2 4
72 Inf 36 3
1 3
1 4
1 5
1 8
1 19
1 21
1 22
1 23
1 24
1 26
2 6
2 17
3 28
4 28
5 28
6 7
7 18
8 9
9 10
10 11
10 12
11 15
12 13
13 14
13 16
14 28
15 28
16 28
17 28
18 28
19 20
20 28
21 28
22 28
23 28
24 25
25 28
26 27
27 28
-1 -1
