28
70 63 63 138
59 Inf 2 79
33 32 5 57
6 11 3 Inf
1 1 1 1
27 38 41 12
17 14 22 6
62 13 11 73
31 11 41 44
53 71 73 94
21 28 41 10
19 31 17 9
108 75 146 39
52 19 54 67
5 5 6 7
8 14 3 5
97 Inf 71 159
8 7 3 5
47 34 44 6
67 107 Inf 32
17 8 32 15
8 Inf 3 9
3 1 Inf 2
21 20 10 31
107 19 87 52
3 Inf 5 5
2 3 4 1
72 86 25 24
1 3
1 4
1 5
1 8
1 19
1 21
1 22
1 23
1 24
1 26
2 6
2 17
3 28
4 28
5 28
6 7
7 18
8 9
9 10
10 11
10 12
11 15
12 13
13 14
13 16
14 28
15 28
16 28
17 28
18 28
19 20
20 28
21 28
22 28
23 28
24 25
25 28
26 27
27 28
-1 -1
