28
70 80 36 24
59 117 61 17
33 20 45 44
6 11 5 7
1 2 1 2
27 40 44 20
17 15 Inf 10
62 73 103 32
31 Inf 55 48
53 10 45 52
21 12 Inf 38
19 2 11 2
108 Inf 150 152
52 15 92 Inf
5 4 1 9
8 8 4 16
97 37 64 153
8 2 1 3
47 48 Inf 57
67 70 122 86
17 7 1 2
8 1 5 14
3 3 6 3
21 34 36 1
107 Inf 179 142
3 1 1 5
2 1 4 1
72 38 15 21
1 3
1 4
1 5
1 8
1 19
1 21
1 22
1 23
1 24
1 26
2 6
2 17
3 28
4 28
5 28
6 7
7 18
8 9
9 10
10 11
10 12
11 15
12 13
13 14
13 16
14 28
15 28
16 28
17 28
18 28
19 20
20 28
21 28
22 28
23 28
24 25
25 28
26 27
27 28
-1 -1
