28
70 71 Inf 35
59 18 20 87
33 26 Inf 4
6 6 11 11
1 2 1 1
27 21 Inf 40
17 9 8 26
62 113 117 Inf
31 32 32 10
53 9 41 31
21 28 9 20
19 9 33 9
108 78 73 167
52 16 94 Inf
5 5 3 Inf
8 7 10 2
97 Inf 110 100
8 2 9 Inf
47 63 25 19
67 29 75 14
17 15 29 34
8 13 2 7
3 5 1 1
21 27 6 18
107 4 62 29
3 Inf 2 1
2 1 3 3
72 43 129 14
1 3
1 4
1 5
1 8
1 19
1 21
1 22
1 23
1 24
1 26
2 6
2 17
3 28
4 28
5 28
6 7
7 18
8 9
9 10
10 11
10 12
11 15
12 13
13 14
13 16
14 28
15 28
16 28
17 28
18 28
19 20
20 28
21 28
22 28
23 28
24 25
25 28
26 27
27 28
-1 -1
