28
70 34 19 81
59 46 97 Inf
33 55 35 2
6 1 5 7
1 1 2 1
27 9 30 Inf
17 16 14 30
62 31 70 111
31 20 13 33
53 16 Inf 29
21 19 Inf 17
19 Inf 8 23
108 124 58 94
52 11 57 Inf
5 4 10 9
8 Inf 10 11
97 Inf 114 180
8 Inf Inf 8
47 81 90 58
67 Inf 81 89
17 Inf 27 34
8 1 10 10
3 1 3 1
21 22 25 Inf
107 178 96 156
3 1 4 2
2 2 1 3
72 93 40 30
1 3
1 4
1 5
1 8
1 19
1 21
1 22
1 23
1 24
1 26
2 6
2 17
3 28
4 28
5 28
6 7
7 18
8 9
9 10
10 11
10 12
11 15
12 13
13 14
13 16
14 28
15 28
16 28
17 28
18 28
19 20
20 28
21 28
22 28
23 28
24 25
25 28
26 27
27 28
-1 -1
