28
70 Inf 118 30
59 114 4 48
33 48 Inf 18
6 7 10 6
1 2 1 2
27 Inf 32 2
17 1 3 10
62 76 62 31
31 19 15 36
53 14 22 67
21 37 5 17
19 1 8 37
108 134 211 206
52 50 18 102
5 2 9 9
8 10 1 15
97 130 43 19
8 13 13 14
47 21 89 86
67 132 79 38
17 23 22 8
8 15 12 3
3 Inf 4 2
21 14 30 38
107 54 67 158
3 4 6 2
2 Inf 1 4
72 124 125 27
1 3
1 4
1 5
1 8
1 19
1 21
1 22
1 23
1 24
1 26
2 6
2 17
3 28
4 28
5 28
6 7
7 18
8 9
9 10
10 11
10 12
11 15
12 13
13 14
13 16
14 28
15 28
16 28
17 28
18 28
19 20
20 28
21 28
22 28
23 28
24 25
25 28
26 27
27 28
-1 -1
