28
70 17 34 8
59 35 37 52
33 1 22 4
6 6 1 2
1 1 Inf 1
27 9 20 1
17 14 4 16
62 7 44 59
31 21 27 31
53 30 37 37
21 10 21 2
19 17 14 9
108 76 48 42
52 8 4 47
5 3 5 1
8 3 Inf 8
97 55 96 53
8 2 3 6
47 1 1 11
67 Inf 5 56
17 Inf Inf 9
8 7 Inf 4
3 2 3 1
21 12 1 2
107 27 36 69
3 Inf 3 3
2 1 1 1
72 70 58 Inf
1 3
1 4
1 5
1 8
1 19
1 21
1 22
1 23
1 24
1 26
2 6
2 17
3 28
4 28
5 28
6 7
7 18
8 9
9 10
10 11
10 12
11 15
12 13
13 14
13 16
14 28
15 28
16 28
17 28
18 28
19 20
20 28
21 28
22 28
23 28
24 25
25 28
26 27
27 28
-1 -1
