28
70 89 78 58
59 28 102 Inf
33 54 20 3
6 12 6 6
1 1 2 Inf
27 3 2 48
17 34 10 32
62 72 52 105
31 36 19 53
53 101 16 Inf
21 42 33 22
19 24 25 Inf
108 139 Inf 165
52 17 60 69
5 1 10 3
8 6 Inf 14
97 1 82 44
8 8 14 3
47 12 92 60
67 27 134 Inf
17 4 31 16
8 2 5 7
3 1 3 1
21 Inf Inf 22
107 168 175 101
3 6 Inf 2
2 4 1 1
72 16 Inf 99
1 3
1 4
1 5
1 8
1 19
1 21
1 22
1 23
1 24
1 26
2 6
2 17
3 28
4 28
5 28
6 7
7 18
8 9
9 10
10 11
10 12
11 15
12 13
13 14
13 16
14 28
15 28
16 28
17 28
18 28
19 20
20 28
21 28
22 28
23 28
24 25
25 28
26 27
27 28
-1 -1
