28
70 84 134 13
59 107 Inf 29
33 Inf 34 40
6 6 12 Inf
1 1 2 2
27 12 5 7
17 18 32 33
62 63 78 12
31 2 47 22
53 29 69 48
21 36 35 25
19 6 26 10
108 203 194 200
52 21 Inf 50
5 2 1 Inf
8 16 5 9
97 81 92 102
8 5 Inf 12
47 17 Inf Inf
67 131 97 Inf
17 17 Inf 23
8 4 8 16
3 1 2 1
21 7 30 5
107 133 91 186
3 1 Inf 1
2 3 2 3
72 81 Inf 46
1 3
1 4
1 5
1 8
1 19
1 21
1 22
1 23
1 24
1 26
2 6
2 17
3 28
4 28
5 28
6 7
7 18
8 9
9 10
10 11
10 12
11 15
12 13
13 14
13 16
14 28
15 28
16 28
17 28
18 28
19 20
20 28
21 28
22 28
23 28
24 25
25 28
26 27
27 28
-1 -1
