28
70 9 125 56
59 3 Inf 90
33 4 41 9
6 6 Inf 8
1 2 1 2
27 Inf 17 Inf
17 9 22 9
62 93 Inf 27
31 62 62 14
53 103 85 1
21 26 10 3
19 17 35 32
108 176 94 94
52 104 95 76
5 7 5 3
8 15 5 Inf
97 2 15 4
8 Inf 9 3
47 59 42 22
67 65 35 41
17 27 31 30
8 1 10 5
3 2 4 4
21 21 Inf 11
107 87 176 Inf
3 3 1 3
2 1 1 4
72 29 42 Inf
1 3
1 4
1 5
1 8
1 19
1 21
1 22
1 23
1 24
1 26
2 6
2 17
3 28
4 28
5 28
6 7
7 18
8 9
9 10
10 11
10 12
11 15
12 13
13 14
13 16
14 28
15 28
16 28
17 28
18 28
19 20
20 28
21 28
22 28
23 28
24 25
25 28
26 27
27 28
-1 -1
