28
70 37 11 Inf
59 28 49 18
33 37 5 11
6 5 Inf 4
1 1 2 Inf
27 7 15 Inf
17 28 6 13
62 Inf 106 116
31 Inf 17 24
53 61 89 48
21 33 27 31
19 Inf 35 17
108 59 206 150
52 42 73 78
5 9 10 6
8 1 12 16
97 157 Inf 169
8 7 3 11
47 92 46 39
67 66 100 Inf
17 23 11 2
8 1 8 14
3 5 4 5
21 10 15 17
107 118 152 143
3 2 1 6
2 1 2 2
72 45 112 48
1 3
1 4
1 5
1 8
1 19
1 21
1 22
1 23
1 24
1 26
2 6
2 17
3 28
4 28
5 28
6 7
7 18
8 9
9 10
10 11
10 12
11 15
12 13
13 14
13 16
14 28
15 28
16 28
17 28
18 28
19 20
20 28
21 28
22 28
23 28
24 25
25 28
26 27
27 28
-1 -1
