28
70 10 7 125
59 115 27 44
33 17 18 53
6 4 10 12
1 2 2 1
27 14 24 12
17 32 25 33
62 31 24 27
31 54 14 6
53 9 20 4
21 1 13 7
19 15 28 25
108 Inf 213 172
52 72 34 41
5 6 Inf 2
8 3 4 11
97 54 47 18
8 9 6 2
47 24 10 66
67 Inf 29 132
17 8 8 15
8 7 8 9
3 4 1 Inf
21 Inf 3 28
107 184 25 168
3 6 5 5
2 3 1 2
72 41 144 Inf
1 3
1 4
1 5
1 8
1 19
1 21
1 22
1 23
1 24
1 26
2 6
2 17
3 28
4 28
5 28
6 7
7 18
8 9
9 10
10 11
10 12
11 15
12 13
13 14
13 16
14 28
15 28
16 28
17 28
18 28
19 20
20 28
21 28
22 28
23 28
24 25
25 28
26 27
27 28
-1 -1
