28
70 22 Inf 127
59 18 29 29
33 35 1 Inf
6 5 3 7
1 2 1 2
27 Inf 35 41
17 8 Inf 32
62 117 40 10
31 Inf Inf 22
53 20 41 100
21 14 Inf Inf
19 18 23 Inf
108 123 Inf 142
52 69 67 3
5 3 9 8
8 10 5 4
97 Inf 49 Inf
8 8 8 3
47 Inf 60 20
67 125 45 Inf
17 7 31 7
8 8 2 7
3 1 1 5
21 23 25 2
107 52 137 82
3 4 3 Inf
2 4 2 1
72 26 67 90
1 3
1 4
1 5
1 8
1 19
1 21
1 22
1 23
1 24
1 26
2 6
2 17
3 28
4 28
5 28
6 7
7 18
8 9
9 10
10 11
10 12
11 15
12 13
13 14
13 16
14 28
15 28
16 28
17 28
18 28
19 20
20 28
21 28
22 28
23 28
24 25
25 28
26 27
27 28
-1 -1
