28
70 27 98 126
59 38 Inf 80
33 Inf 37 22
6 10 10 Inf
1 1 1 1
27 22 19 Inf
17 24 3 32
62 39 97 35
31 28 9 11
53 32 58 56
21 5 18 34
19 15 8 6
108 117 102 201
52 35 15 56
5 6 7 7
8 10 4 12
97 162 160 101
8 8 Inf 16
47 33 18 7
67 16 55 Inf
17 Inf 32 13
8 Inf Inf 7
3 1 1 6
21 4 40 41
107 176 168 175
3 2 5 4
2 Inf Inf 1
72 121 59 10
1 3
1 4
1 5
1 8
1 19
1 21
1 22
1 23
1 24
1 26
2 6
2 17
3 28
4 28
5 28
6 7
7 18
8 9
9 10
10 11
10 12
11 15
12 13
13 14
13 16
14 28
15 28
16 28
17 28
18 28
19 20
20 28
21 28
22 28
23 28
24 25
25 28
26 27
27 28
-1 -1
