28
70 15 Inf 69
59 81 118 85
33 15 11 22
6 10 8 8
1 2 Inf Inf
27 Inf 19 11
17 10 11 5
62 27 69 52
31 10 Inf 11
53 83 105 Inf
21 16 3 4
19 Inf Inf 17
108 21 4 102
52 34 30 84
5 2 4 6
8 2 6 4
97 26 Inf 132
8 10 9 7
47 38 82 74
67 127 Inf 93
17 24 8 2
8 15 2 3
3 Inf 4 6
21 Inf 21 Inf
107 177 137 160
3 5 3 3
2 4 2 3
72 Inf 117 144
1 3
1 4
1 5
1 8
1 19
1 21
1 22
1 23
1 24
1 26
2 6
2 17
3 28
4 28
5 28
6 7
7 18
8 9
9 10
10 11
10 12
11 15
12 13
13 14
13 16
14 28
15 28
16 28
17 28
18 28
19 20
20 28
21 28
22 28
23 28
24 25
25 28
26 27
27 28
-1 -1
