28
70 Inf 56 109
59 Inf 113 Inf
33 21 Inf 55
6 12 Inf 6
1 1 2 1
27 18 35 30
17 13 Inf 19
62 27 17 Inf
31 36 11 29
53 25 52 Inf
21 29 18 1
19 28 3 32
108 15 Inf 69
52 90 102 64
5 4 2 9
8 Inf 1 3
97 185 50 88
8 1 2 16
47 Inf 38 12
67 39 29 117
17 31 30 24
8 5 1 7
3 5 1 3
21 26 24 13
107 69 10 139
3 Inf 2 2
2 4 1 1
72 142 126 33
1 3
1 4
1 5
1 8
1 19
1 21
1 22
1 23
1 24
1 26
2 6
2 17
3 28
4 28
5 28
6 7
7 18
8 9
9 10
10 11
10 12
11 15
12 13
13 14
13 16
14 28
15 28
16 28
17 28
18 28
19 20
20 28
21 28
22 28
23 28
24 25
25 28
26 27
27 28
-1 -1
