28
70 86 76 41
59 11 104 87
33 2 14 43
6 Inf 10 8
1 1 1 Inf
27 37 1 15
17 8 Inf 17
62 4 22 23
31 12 3 58
53 38 32 Inf
21 28 16 11
19 24 Inf Inf
108 101 16 81
52 55 88 79
5 8 Inf 4
8 7 7 16
97 146 54 16
8 Inf Inf 7
47 62 4 47
67 37 110 22
17 8 28 18
8 Inf 7 14
3 5 2 3
21 21 Inf 10
107 203 192 112
3 5 2 2
2 2 4 2
72 53 120 101
1 3
1 4
1 5
1 8
1 19
1 21
1 22
1 23
1 24
1 26
2 6
2 17
3 28
4 28
5 28
6 7
7 18
8 9
9 10
10 11
10 12
11 15
12 13
13 14
13 16
14 28
15 28
16 28
17 28
18 28
19 20
20 28
21 28
22 28
23 28
24 25
25 28
26 27
27 28
-1 -1
