28
70 Inf 48 26
59 Inf 14 52
33 2 1 Inf
6 1 4 1
1 1 1 Inf
27 6 25 8
17 6 4 17
62 50 27 17
31 12 9 30
53 38 10 13
21 11 8 17
19 17 8 17
108 Inf 42 Inf
52 2 16 41
5 1 5 3
8 5 Inf 3
97 37 20 30
8 4 3 4
47 3 33 4
67 46 44 26
17 17 15 6
8 1 4 1
3 Inf 1 3
21 Inf 4 2
107 72 Inf 66
3 3 1 1
2 2 2 2
72 59 60 13
1 3
1 4
1 5
1 8
1 19
1 21
1 22
1 23
1 24
1 26
2 6
2 17
3 28
4 28
5 28
6 7
7 18
8 9
9 10
10 11
10 12
11 15
12 13
13 14
13 16
14 28
15 28
16 28
17 28
18 28
19 20
20 28
21 28
22 28
23 28
24 25
25 28
26 27
27 28
-1 -1
