28
70 103 94 1
59 85 116 25
33 58 32 58
6 11 Inf 4
1 1 2 1
27 16 34 16
17 25 20 12
62 45 61 98
31 40 24 10
53 27 75 85
21 1 37 26
19 28 36 Inf
108 58 12 64
52 102 97 6
5 1 4 7
8 10 11 Inf
97 170 179 51
8 5 12 8
47 64 20 82
67 Inf 24 7
17 10 Inf 20
8 8 3 14
3 Inf 1 2
21 Inf 20 42
107 73 63 52
3 3 3 3
2 3 2 1
72 99 45 131
1 3
1 4
1 5
1 8
1 19
1 21
1 22
1 23
1 24
1 26
2 6
2 17
3 28
4 28
5 28
6 7
7 18
8 9
9 10
10 11
10 12
11 15
12 13
13 14
13 16
14 28
15 28
16 28
17 28
18 28
19 20
20 28
21 28
22 28
23 28
24 25
25 28
26 27
27 28
-1 -1
