28
70 22 29 30 15 Inf 62
59 39 31 6 14 10 1
33 Inf 14 30 Inf 28 27
6 Inf 5 1 2 4 4
1 1 1 1 1 Inf Inf
27 1 3 18 Inf 27 17
17 Inf 1 4 12 9 3
62 37 48 31 46 3 49
31 5 Inf 6 4 Inf 21
53 Inf 10 24 5 9 23
21 4 1 10 4 20 17
19 18 Inf 6 1 8 16
108 79 88 84 82 1 46
52 44 20 30 29 38 Inf
5 5 3 4 1 Inf 3
8 6 Inf 1 2 4 4
97 17 81 25 69 Inf 80
8 4 3 8 2 5 3
47 24 2 44 18 1 15
67 34 62 Inf 56 15 33
17 5 13 Inf Inf 1 5
8 1 2 3 2 Inf 1
3 1 2 3 Inf 1 2
21 Inf 17 6 14 11 5
107 27 89 23 74 27 13
3 2 Inf 3 3 3 Inf
2 1 1 1 2 2 2
72 49 11 39 21 9 Inf
1 3
1 4
1 5
1 8
1 19
1 21
1 22
1 23
1 24
1 26
2 6
2 17
3 28
4 28
5 28
6 7
7 18
8 9
9 10
10 11
10 12
11 15
12 13
13 14
13 16
14 28
15 28
16 28
17 28
18 28
19 20
20 28
21 28
22 28
23 28
24 25
25 28
26 27
27 28
-1 -1
