28
70 55 21 63 Inf Inf 44
59 Inf 7 39 25 9 7
33 Inf 22 Inf 13 20 11
6 6 Inf 4 4 5 2
1 1 1 1 1 1 1
27 18 15 27 16 15 3
17 8 3 Inf 6 5 15
62 15 32 60 58 21 12
31 4 5 5 24 16 13
53 2 30 6 52 Inf 12
21 6 12 3 17 14 9
19 18 13 8 13 13 13
108 102 4 7 16 59 102
52 Inf 14 32 14 46 17
5 1 4 3 2 3 2
8 Inf 2 3 8 2 4
97 Inf 62 32 17 Inf 40
8 Inf 3 5 7 5 5
47 7 10 36 Inf 11 13
67 34 41 45 15 5 6
17 10 5 2 12 2 6
8 1 7 8 2 8 7
3 2 1 2 1 1 2
21 Inf 7 7 16 16 11
107 82 104 79 17 18 Inf
3 1 Inf 1 2 2 1
2 1 1 1 1 1 2
72 69 24 12 4 26 15
1 3
1 4
1 5
1 8
1 19
1 21
1 22
1 23
1 24
1 26
2 6
2 17
3 28
4 28
5 28
6 7
7 18
8 9
9 10
10 11
10 12
11 15
12 13
13 14
13 16
14 28
15 28
16 28
17 28
18 28
19 20
20 28
21 28
22 28
23 28
24 25
25 28
26 27
27 28
-1 -1
