28
70 46 34 Inf 11 21 39
59 4 5 54 46 55 Inf
33 23 31 17 10 22 Inf
6 6 5 Inf 5 1 2
1 1 1 1 1 1 1
27 18 20 25 17 6 3
17 12 Inf Inf 16 4 Inf
62 50 37 50 48 54 14
31 Inf 3 31 22 11 23
53 14 41 16 27 20 40
21 21 19 6 11 3 4
19 17 9 19 10 11 8
108 4 36 44 63 Inf 3
52 34 30 15 Inf Inf 32
5 1 1 3 Inf 3 2
8 2 3 1 4 7 Inf
97 Inf 96 Inf 22 73 12
8 Inf 2 5 3 4 Inf
47 5 17 38 12 2 5
67 13 Inf 20 18 55 44
17 6 8 6 8 7 16
8 3 Inf 1 Inf 1 Inf
3 1 1 Inf Inf 1 1
21 13 5 4 9 18 12
107 34 37 61 15 97 107
3 1 1 1 1 1 1
2 1 1 1 2 1 2
72 41 33 52 42 63 6
1 3
1 4
1 5
1 8
1 19
1 21
1 22
1 23
1 24
1 26
2 6
2 17
3 28
4 28
5 28
6 7
7 18
8 9
9 10
10 11
10 12
11 15
12 13
13 14
13 16
14 28
15 28
16 28
17 28
18 28
19 20
20 28
21 28
22 28
23 28
24 25
25 28
26 27
27 28
-1 -1
