28
70 Inf 34 19 16 58 Inf
59 44 29 Inf Inf 38 24
33 Inf 20 Inf 1 1 7
6 Inf 1 4 1 4 3
1 1 1 1 1 1 1
27 26 7 2 5 15 4
17 12 6 13 3 4 16
62 11 46 8 Inf 21 34
31 Inf 12 Inf 17 26 21
53 3 Inf 45 42 12 Inf
21 15 17 12 8 16 5
19 13 18 Inf Inf 14 18
108 11 23 3 Inf 21 105
52 46 12 47 36 41 33
5 2 3 1 2 1 5
8 3 6 6 5 5 5
97 Inf 27 13 68 61 40
8 3 3 1 4 8 4
47 15 Inf 1 4 46 27
67 33 2 36 4 2 58
17 Inf 1 12 Inf 15 10
8 6 3 Inf 8 5 Inf
3 1 1 2 1 1 2
21 1 11 4 6 8 Inf
107 77 14 3 96 66 9
3 Inf 3 3 3 2 Inf
2 1 2 2 Inf 1 1
72 28 5 24 10 Inf 15
1 3
1 4
1 5
1 8
1 19
1 21
1 22
1 23
1 24
1 26
2 6
2 17
3 28
4 28
5 28
6 7
7 18
8 9
9 10
10 11
10 12
11 15
12 13
13 14
13 16
14 28
15 28
16 28
17 28
18 28
19 20
20 28
21 28
22 28
23 28
24 25
25 28
26 27
27 28
-1 -1
