28
70 56 5 56 52 55 5
59 16 15 38 5 34 32
33 24 Inf 11 16 20 29
6 5 Inf 1 6 1 5
1 1 1 1 1 1 1
27 2 23 17 Inf 18 20
17 Inf 8 2 4 6 12
62 23 9 40 10 Inf 44
31 8 26 21 2 27 Inf
53 41 28 35 5 53 Inf
21 Inf 3 3 5 18 6
19 1 17 11 19 Inf 9
108 89 31 95 59 92 19
52 32 46 1 Inf 14 29
5 4 5 4 2 Inf 5
8 5 Inf 2 3 1 1
97 34 79 80 Inf 9 65
8 5 2 8 3 1 6
47 42 13 25 35 32 21
67 64 Inf 67 6 4 Inf
17 13 16 16 13 Inf 6
8 8 3 1 5 1 1
3 1 2 1 1 2 2
21 3 2 10 16 19 9
107 19 77 32 26 88 85
3 1 1 3 1 2 1
2 2 2 Inf Inf 1 Inf
72 20 26 27 16 12 20
1 3
1 4
1 5
1 8
1 19
1 21
1 22
1 23
1 24
1 26
2 6
2 17
3 28
4 28
5 28
6 7
7 18
8 9
9 10
10 11
10 12
11 15
12 13
13 14
13 16
14 28
15 28
16 28
17 28
18 28
19 20
20 28
21 28
22 28
23 28
24 25
25 28
26 27
27 28
-1 -1
