28
70 Inf 50 20 65 Inf 68
59 12 42 30 10 56 42
33 2 14 6 1 21 28
6 6 4 6 2 2 2
1 1 1 1 Inf 1 1
27 24 27 22 23 8 23
17 2 5 Inf 5 2 16
62 31 48 61 54 54 45
31 26 Inf 16 13 31 26
53 11 18 1 47 13 13
21 3 14 3 7 7 6
19 15 19 13 11 4 5
108 65 99 Inf 79 92 31
52 49 18 10 1 5 22
5 Inf 3 Inf 2 3 5
8 3 4 3 Inf 5 4
97 20 3 1 58 77 82
8 6 6 1 Inf 2 5
47 24 3 44 45 Inf 40
67 54 17 11 35 Inf 5
17 5 2 8 9 Inf 4
8 Inf 8 6 8 6 2
3 Inf 3 1 3 1 2
21 10 20 4 7 5 4
107 60 76 107 40 93 103
3 3 3 2 3 3 2
2 1 2 1 1 1 1
72 43 7 57 Inf 11 67
1 3
1 4
1 5
1 8
1 19
1 21
1 22
1 23
1 24
1 26
2 6
2 17
3 28
4 28
5 28
6 7
7 18
8 9
9 10
10 11
10 12
11 15
12 13
13 14
13 16
14 28
15 28
16 28
17 28
18 28
19 20
20 28
21 28
22 28
23 28
24 25
25 28
26 27
27 28
-1 -1
