28
70 35 30 62 52 31 47
59 3 6 5 51 39 9
33 Inf 12 10 9 16 29
6 4 4 4 4 5 6
1 1 1 1 1 1 1
27 Inf 4 6 6 10 17
17 9 5 15 15 16 9
62 8 37 Inf 14 52 31
31 20 5 13 14 8 13
53 21 12 24 39 1 20
21 19 9 20 6 19 19
19 9 5 1 5 Inf 15
108 42 43 61 10 23 39
52 4 31 29 10 42 52
5 5 3 Inf 1 5 1
8 Inf Inf Inf 3 7 6
97 27 88 13 Inf 44 21
8 8 3 6 Inf 5 4
47 Inf 26 40 8 40 3
67 43 52 19 10 32 44
17 15 2 12 10 11 8
8 3 2 1 8 1 Inf
3 2 Inf 1 1 2 1
21 5 18 Inf 13 16 3
107 72 Inf 68 13 40 Inf
3 3 1 1 Inf Inf 1
2 2 1 2 Inf 2 2
72 Inf 17 Inf Inf 69 Inf
1 3
1 4
1 5
1 8
1 19
1 21
1 22
1 23
1 24
1 26
2 6
2 17
3 28
4 28
5 28
6 7
7 18
8 9
9 10
10 11
10 12
11 15
12 13
13 14
13 16
14 28
15 28
16 28
17 28
18 28
19 20
20 28
21 28
22 28
23 28
24 25
25 28
26 27
27 28
-1 -1
