28
70 53 2 46
59 9 25 7
33 8 30 4
6 6 5 1
1 1 1 1
27 11 13 15
17 5 1 5
62 31 22 57
31 20 5 9
53 1 51 Inf
21 13 1 2
19 1 3 15
108 89 72 9
52 29 26 43
5 1 5 5
8 Inf 8 3
97 95 Inf 48
8 4 6 1
47 15 34 Inf
67 Inf 45 10
17 2 5 6
8 3 5 4
3 1 1 3
21 5 12 10
107 56 53 88
3 1 2 3
2 2 1 Inf
72 13 9 1
1 3
1 4
1 5
1 8
1 19
1 21
1 22
1 23
1 24
1 26
2 6
2 17
3 28
4 28
5 28
6 7
7 18
8 9
9 10
10 11
10 12
11 15
12 13
13 14
13 16
14 28
15 28
16 28
17 28
18 28
19 20
20 28
21 28
22 28
23 28
24 25
25 28
26 27
27 28
-1 -1
