28
70 49 7 68 15 5 55
59 24 6 10 11 14 11
33 Inf Inf 26 32 30 15
6 4 1 5 4 6 4
1 1 1 1 1 1 1
27 10 8 19 12 3 4
17 14 3 7 5 4 Inf
62 36 12 42 1 36 50
31 15 19 4 20 7 29
53 47 28 51 13 50 51
21 Inf 3 9 5 4 21
19 18 2 3 5 12 14
108 78 Inf 15 92 Inf 34
52 Inf 13 Inf 14 Inf 13
5 1 4 3 5 1 3
8 6 8 8 1 3 3
97 94 75 Inf 44 18 8
8 8 7 Inf 8 1 Inf
47 17 8 Inf 5 35 14
67 12 22 Inf 58 52 24
17 15 1 4 15 4 16
8 5 3 2 8 2 2
3 2 3 1 1 3 3
21 17 2 8 4 21 20
107 Inf 100 34 Inf 84 18
3 1 2 2 1 1 1
2 Inf 2 1 1 1 Inf
72 63 6 8 10 72 Inf
1 3
1 4
1 5
1 8
1 19
1 21
1 22
1 23
1 24
1 26
2 6
2 17
3 28
4 28
5 28
6 7
7 18
8 9
9 10
10 11
10 12
11 15
12 13
13 14
13 16
14 28
15 28
16 28
17 28
18 28
19 20
20 28
21 28
22 28
23 28
24 25
25 28
26 27
27 28
-1 -1
