28
70 13 Inf 3 Inf Inf Inf
59 26 46 9 Inf 38 Inf
33 13 Inf Inf 29 15 17
6 5 6 6 6 2 2
1 1 1 1 1 1 1
27 2 15 17 Inf Inf 20
17 9 4 14 8 9 3
62 14 32 Inf Inf 7 Inf
31 4 25 29 27 Inf 4
53 4 45 Inf 37 27 16
21 20 Inf 11 16 9 8
19 2 Inf 19 12 10 17
108 68 59 100 60 37 56
52 41 Inf Inf 27 15 Inf
5 Inf 4 Inf Inf Inf 1
8 Inf 1 8 Inf 8 7
97 67 Inf Inf 18 87 57
8 1 3 1 3 4 4
47 Inf 8 25 41 Inf 16
67 45 26 51 Inf 56 33
17 6 17 8 7 8 16
8 Inf 6 Inf 1 3 Inf
3 3 1 Inf Inf 3 3
21 10 13 17 14 Inf 16
107 Inf 59 89 21 Inf Inf
3 2 2 1 1 Inf 1
2 1 2 Inf Inf 2 2
72 Inf 65 57 9 33 65
1 3
1 4
1 5
1 8
1 19
1 21
1 22
1 23
1 24
1 26
2 6
2 17
3 28
4 28
5 28
6 7
7 18
8 9
9 10
10 11
10 12
11 15
12 13
13 14
13 16
14 28
15 28
16 28
17 28
18 28
19 20
20 28
21 28
22 28
23 28
24 25
25 28
26 27
27 28
-1 -1
