28
70 Inf Inf 42 Inf 54 11
59 4 5 53 52 10 19
33 7 5 26 Inf 27 15
6 3 3 2 3 1 6
1 1 1 1 Inf 1 1
27 21 14 26 7 Inf 5
17 17 2 2 13 1 2
62 37 45 15 29 51 15
31 13 19 Inf 26 Inf Inf
53 28 33 Inf 1 16 34
21 21 9 4 Inf 14 4
19 15 6 13 7 Inf 14
108 25 87 7 70 63 Inf
52 38 11 39 15 25 8
5 5 1 3 Inf 1 3
8 Inf 4 8 2 5 7
97 7 69 15 Inf 92 34
8 2 5 Inf 4 5 5
47 6 Inf Inf 1 Inf 14
67 47 33 Inf Inf 3 37
17 Inf Inf 13 2 Inf Inf
8 7 5 Inf 5 5 8
3 2 1 2 Inf 2 Inf
21 8 18 9 Inf 11 Inf
107 30 46 53 87 68 62
3 1 1 1 3 3 2
2 2 2 2 Inf 1 2
72 2 Inf 17 21 11 14
1 3
1 4
1 5
1 8
1 19
1 21
1 22
1 23
1 24
1 26
2 6
2 17
3 28
4 28
5 28
6 7
7 18
8 9
9 10
10 11
10 12
11 15
12 13
13 14
13 16
14 28
15 28
16 28
17 28
18 28
19 20
20 28
21 28
22 28
23 28
24 25
25 28
26 27
27 28
-1 -1
