28
70 37 Inf 6 6 3 Inf
59 57 58 21 8 18 22
33 22 9 1 Inf 27 15
6 3 Inf 4 6 Inf Inf
1 1 1 1 1 1 1
27 15 8 Inf Inf 2 Inf
17 Inf Inf 1 8 Inf 14
62 41 39 39 34 Inf Inf
31 1 8 Inf 1 19 3
53 1 11 Inf 29 39 Inf
21 8 Inf 13 12 1 2
19 Inf 3 Inf 3 4 10
108 19 32 20 Inf 31 80
52 5 Inf Inf Inf 9 Inf
5 5 1 1 Inf 1 5
8 Inf 8 5 4 Inf Inf
97 38 23 7 16 23 82
8 5 2 1 3 Inf 8
47 Inf 12 47 3 9 42
67 46 Inf 40 Inf 64 29
17 16 14 9 11 2 6
8 4 5 8 2 Inf 8
3 Inf 2 1 3 2 3
21 11 Inf 21 13 13 7
107 31 10 45 16 34 Inf
3 2 Inf 3 3 3 Inf
2 1 1 2 2 Inf 1
72 Inf 2 Inf Inf 35 19
1 3
1 4
1 5
1 8
1 19
1 21
1 22
1 23
1 24
1 26
2 6
2 17
3 28
4 28
5 28
6 7
7 18
8 9
9 10
10 11
10 12
11 15
12 13
13 14
13 16
14 28
15 28
16 28
17 28
18 28
19 20
20 28
21 28
22 28
23 28
24 25
25 28
26 27
27 28
-1 -1