28
70 23 12 49 58 1 18
59 11 39 8 59 1 20
33 Inf 21 Inf Inf Inf 15
6 1 4 Inf 6 1 6
1 Inf 1 1 1 1 1
27 2 Inf 23 Inf 13 21
17 5 13 15 9 12 Inf
62 21 25 6 Inf 5 Inf
31 27 16 Inf Inf 6 Inf
53 31 18 44 52 10 39
21 9 15 Inf Inf Inf Inf
19 Inf 8 19 9 Inf 8
108 63 24 Inf 103 101 11
52 3 Inf 3 Inf 39 Inf
5 1 3 Inf Inf 4 3
8 4 3 6 2 Inf 6
97 44 8 Inf 30 63 35
8 2 6 5 8 4 4
47 38 18 38 15 7 38
67 Inf 53 19 36 14 6
17 1 5 17 1 6 2
8 Inf 1 6 2 1 6
3 1 3 3 1 Inf 2
21 11 Inf 13 9 4 Inf
107 35 102 88 36 Inf 32
3 Inf 3 1 2 Inf 2
2 1 1 2 1 1 2
72 55 55 15 25 Inf 27
1 3
1 4
1 5
1 8
1 19
1 21
1 22
1 23
1 24
1 26
2 6
2 17
3 28
4 28
5 28
6 7
7 18
8 9
9 10
10 11
10 12
11 15
12 13
13 14
13 16
14 28
15 28
16 28
17 28
18 28
19 20
20 28
21 28
22 28
23 28
24 25
25 28
26 27
27 28
-1 -1
