28
70 67 27 14 45 16 46
59 Inf Inf 38 29 45 55
33 12 15 31 Inf Inf 27
6 5 2 4 2 1 6
1 1 Inf Inf 1 Inf 1
27 Inf Inf 27 8 2 27
17 11 8 Inf Inf 9 Inf
62 38 3 53 57 35 33
31 Inf 1 25 12 17 17
53 Inf 13 4 36 Inf 48
21 Inf 21 2 16 Inf 12
19 16 2 18 Inf 17 19
108 84 5 9 4 Inf 56
52 17 Inf 27 Inf 4 Inf
5 5 4 1 3 1 3
8 1 4 2 6 6 1
97 97 49 66 16 6 39
8 2 4 1 Inf 7 Inf
47 Inf 15 35 3 44 28
67 37 Inf 55 11 7 16
17 2 15 5 Inf 1 14
8 5 8 6 8 8 5
3 Inf 2 Inf Inf 3 Inf
21 5 Inf Inf 12 16 10
107 45 Inf Inf 22 45 67
3 2 3 3 Inf 1 2
2 1 1 1 1 2 Inf
72 Inf 67 64 66 34 Inf
1 3
1 4
1 5
1 8
1 19
1 21
1 22
1 23
1 24
1 26
2 6
2 17
3 28
4 28
5 28
6 7
7 18
8 9
9 10
10 11
10 12
11 15
12 13
13 14
13 16
14 28
15 28
16 28
17 28
18 28
19 20
20 28
21 28
22 28
23 28
24 25
25 28
26 27
27 28
-1 -1
