28
70 42 48 26 Inf 45 24
59 36 25 6 Inf 25 23
33 23 Inf Inf 30 5 Inf
6 4 Inf 2 1 3 Inf
1 Inf 1 1 1 1 1
27 17 Inf 16 Inf Inf Inf
17 Inf 3 5 Inf 8 11
62 42 45 Inf 46 Inf 17
31 10 23 Inf Inf 18 Inf
53 18 6 49 38 Inf Inf
21 10 11 1 Inf 17 5
19 1 8 Inf 6 5 Inf
108 3 3 39 11 38 89
52 11 Inf 9 41 2 7
5 Inf 5 4 4 Inf 5
8 5 Inf 3 1 2 7
97 27 9 54 63 53 33
8 6 1 7 Inf 5 5
47 23 40 44 30 2 Inf
67 13 Inf 31 Inf 30 Inf
17 15 2 Inf 6 17 14
8 6 5 Inf Inf 8 2
3 3 Inf Inf 1 1 3
21 Inf Inf 19 15 4 11
107 51 Inf 18 Inf 2 39
3 Inf Inf 3 Inf 1 2
2 Inf 2 2 1 Inf 1
72 71 42 26 Inf 17 19
1 3
1 4
1 5
1 8
1 19
1 21
1 22
1 23
1 24
1 26
2 6
2 17
3 28
4 28
5 28
6 7
7 18
8 9
9 10
10 11
10 12
11 15
12 13
13 14
13 16
14 28
15 28
16 28
17 28
18 28
19 20
20 28
21 28
22 28
23 28
24 25
25 28
26 27
27 28
-1 -1
