28
70 54 58 33 1 69 Inf
59 34 51 47 26 12 9
33 Inf Inf 20 29 3 22
6 1 Inf 6 1 3 6
1 Inf 1 1 1 Inf 1
27 20 Inf 15 22 1 26
17 14 3 Inf Inf 9 Inf
62 Inf 59 33 Inf 48 Inf
31 2 8 11 3 20 Inf
53 25 4 Inf 9 16 Inf
21 17 Inf 3 5 2 Inf
19 Inf 11 Inf 16 4 16
108 107 102 73 Inf 20 Inf
52 8 10 40 27 47 2
5 3 1 1 Inf 3 5
8 6 Inf Inf 3 Inf 5
97 95 40 92 54 61 65
8 3 Inf 4 2 7 6
47 4 15 18 12 Inf Inf
67 6 44 45 16 Inf 23
17 4 12 8 Inf 6 4
8 8 Inf 4 6 Inf 2
3 Inf Inf Inf Inf 3 3
21 Inf 8 7 Inf 20 5
107 3 101 32 29 Inf 39
3 1 2 Inf 1 Inf 3
2 1 1 2 2 1 1
72 Inf 63 11 44 39 Inf
1 3
1 4
1 5
1 8
1 19
1 21
1 22
1 23
1 24
1 26
2 6
2 17
3 28
4 28
5 28
6 7
7 18
8 9
9 10
10 11
10 12
11 15
12 13
13 14
13 16
14 28
15 28
16 28
17 28
18 28
19 20
20 28
21 28
22 28
23 28
24 25
25 28
26 27
27 28
-1 -1
