28
70 2 65 7
59 34 Inf 57
33 28 Inf 22
6 2 Inf 6
1 1 1 1
27 2 3 13
17 17 11 5
62 14 Inf 8
31 16 28 Inf
53 11 5 37
21 Inf 9 18
19 10 18 Inf
108 50 92 25
52 11 26 21
5 5 1 1
8 Inf 2 Inf
97 82 67 92
8 2 2 8
47 23 1 9
67 15 Inf 14
17 9 12 13
8 2 8 7
3 3 1 3
21 12 13 7
107 84 13 9
3 1 1 2
2 1 1 2
72 43 Inf 17
1 3
1 4
1 5
1 8
1 19
1 21
1 22
1 23
1 24
1 26
2 6
2 17
3 28
4 28
5 28
6 7
7 18
8 9
9 10
10 11
10 12
11 15
12 13
13 14
13 16
14 28
15 28
16 28
17 28
18 28
19 20
20 28
21 28
22 28
23 28
24 25
25 28
26 27
27 28
-1 -1
