28
70 49 2 52 19 Inf Inf
59 55 1 16 12 Inf 24
33 13 18 18 18 19 Inf
6 3 Inf 1 Inf 1 Inf
1 1 1 1 1 Inf 1
27 7 Inf 2 13 6 5
17 14 Inf 2 15 1 15
62 2 7 1 Inf 14 4
31 3 21 19 Inf 2 12
53 Inf 10 10 Inf 2 48
21 Inf 17 8 17 18 13
19 4 15 Inf 15 9 13
108 28 51 87 67 62 78
52 20 42 27 51 6 3
5 1 2 5 4 4 2
8 Inf Inf 8 3 8 1
97 93 55 20 79 Inf 6
8 2 2 6 2 Inf 8
47 Inf 13 7 19 37 18
67 18 17 39 62 44 12
17 Inf Inf 15 Inf 6 8
8 4 5 3 5 Inf Inf
3 3 Inf 2 Inf Inf 3
21 Inf 17 1 3 7 5
107 23 70 5 23 58 Inf
3 2 2 1 Inf Inf 3
2 2 1 2 Inf 2 1
72 21 44 22 Inf Inf 7
1 3
1 4
1 5
1 8
1 19
1 21
1 22
1 23
1 24
1 26
2 6
2 17
3 28
4 28
5 28
6 7
7 18
8 9
9 10
10 11
10 12
11 15
12 13
13 14
13 16
14 28
15 28
16 28
17 28
18 28
19 20
20 28
21 28
22 28
23 28
24 25
25 28
26 27
27 28
-1 -1
