28
70 11 39 101 98 76 124
59 3 20 13 Inf 30 101
33 23 64 33 46 45 7
6 10 3 7 6 6 5
1 2 1 2 1 2 2
27 4 30 37 39 3 26
17 16 9 31 Inf 20 7
62 60 50 114 32 82 21
31 5 54 9 Inf 46 44
53 40 69 Inf 39 Inf 10
21 4 33 3 7 1 29
19 12 Inf Inf 34 22 7
108 166 143 193 152 4 86
52 79 37 Inf Inf 1 92
5 Inf 7 10 4 6 3
8 5 1 8 1 9 8
97 55 Inf 125 96 53 57
8 11 3 10 13 5 11
47 27 84 74 1 34 22
67 44 68 20 74 82 134
17 24 34 3 Inf 30 16
8 5 Inf Inf 10 4 7
3 4 4 4 3 Inf 3
21 Inf 6 15 21 Inf 11
107 39 42 145 157 88 45
3 4 1 1 4 6 2
2 Inf 2 4 1 1 3
72 111 77 136 92 140 53
1 3
1 4
1 5
1 8
1 19
1 21
1 22
1 23
1 24
1 26
2 6
2 17
3 28
4 28
5 28
6 7
7 18
8 9
9 10
10 11
10 12
11 15
12 13
13 14
13 16
14 28
15 28
16 28
17 28
18 28
19 20
20 28
21 28
22 28
23 28
24 25
25 28
26 27
27 28
-1 -1
