28
70 88 20 57 5 42 118
59 14 17 Inf 17 2 20
33 45 26 13 28 17 Inf
6 1 9 2 9 1 3
1 2 1 2 1 1 1
27 25 14 38 48 45 49
17 20 9 9 27 17 32
62 43 97 9 10 100 26
31 56 60 Inf 11 9 Inf
53 91 36 37 12 101 93
21 Inf 13 17 7 35 5
19 31 9 1 15 1 36
108 136 Inf 194 133 179 171
52 76 32 68 Inf Inf 33
5 10 6 6 9 8 4
8 4 Inf 7 2 8 2
97 Inf 165 99 5 150 103
8 8 12 1 Inf 12 4
47 50 22 2 49 Inf 25
67 126 129 132 Inf 126 133
17 5 26 12 10 15 4
8 16 Inf 6 15 Inf 12
3 Inf 3 3 4 Inf Inf
21 29 37 18 32 12 32
107 163 Inf 177 179 94 14
3 3 2 3 Inf Inf 3
2 2 4 Inf 2 2 2
72 83 139 Inf 128 72 15
1 3
1 4
1 5
1 8
1 19
1 21
1 22
1 23
1 24
1 26
2 6
2 17
3 28
4 28
5 28
6 7
7 18
8 9
9 10
10 11
10 12
11 15
12 13
13 14
13 16
14 28
15 28
16 28
17 28
18 28
19 20
20 28
21 28
22 28
23 28
24 25
25 28
26 27
27 28
-1 -1
