28
70 32 100 62 43 5 111
59 64 95 40 Inf Inf 103
33 8 47 16 31 53 47
6 Inf 11 7 Inf 5 8
1 1 1 1 2 2 1
27 Inf 15 24 44 34 7
17 22 5 15 5 26 14
62 4 32 99 11 82 75
31 6 47 Inf 33 9 31
53 24 70 88 103 47 49
21 13 38 30 17 41 26
19 21 22 4 29 Inf Inf
108 108 187 87 199 9 101
52 36 13 24 68 100 9
5 2 Inf 9 8 7 2
8 10 13 8 1 5 5
97 110 56 25 129 120 Inf
8 9 5 1 11 7 1
47 20 84 11 15 57 86
67 39 2 134 46 127 85
17 5 9 3 19 16 18
8 Inf 5 Inf 1 16 12
3 Inf 6 1 3 1 1
21 19 36 24 39 26 Inf
107 184 165 186 117 Inf 201
3 5 2 5 1 1 4
2 1 3 1 Inf 3 2
72 104 140 Inf 8 139 28
1 3
1 4
1 5
1 8
1 19
1 21
1 22
1 23
1 24
1 26
2 6
2 17
3 28
4 28
5 28
6 7
7 18
8 9
9 10
10 11
10 12
11 15
12 13
13 14
13 16
14 28
15 28
16 28
17 28
18 28
19 20
20 28
21 28
22 28
23 28
24 25
25 28
26 27
27 28
-1 -1
