28
70 31 124 127 33 68 7
59 Inf 8 13 85 21 45
33 49 3 10 56 62 Inf
6 9 12 9 12 Inf 2
1 1 1 2 2 2 2
27 11 12 36 14 27 Inf
17 8 13 13 26 19 34
62 74 4 12 79 70 31
31 53 26 Inf 6 9 34
53 23 18 90 36 88 7
21 4 32 12 26 Inf 2
19 10 Inf 16 5 Inf 28
108 165 78 196 140 31 191
52 77 Inf 11 90 90 18
5 10 5 7 1 Inf Inf
8 7 3 14 Inf 3 Inf
97 Inf 96 42 64 8 74
8 4 3 8 9 11 1
47 69 4 67 7 94 78
67 133 93 Inf 27 90 132
17 26 2 15 14 21 28
8 Inf 4 10 5 7 8
3 3 4 1 3 6 Inf
21 Inf 24 19 30 20 5
107 171 9 143 42 Inf 105
3 3 2 Inf Inf 1 6
2 2 3 3 4 2 4
72 127 93 2 113 34 116
1 3
1 4
1 5
1 8
1 19
1 21
1 22
1 23
1 24
1 26
2 6
2 17
3 28
4 28
5 28
6 7
7 18
8 9
9 10
10 11
10 12
11 15
12 13
13 14
13 16
14 28
15 28
16 28
17 28
18 28
19 20
20 28
21 28
22 28
23 28
24 25
25 28
26 27
27 28
-1 -1
