28
70 110 37 Inf 72 62 Inf
59 71 5 13 105 17 73
33 64 Inf 20 Inf 12 17
6 6 1 3 10 5 8
1 2 2 1 1 1 1
27 18 41 Inf 18 24 Inf
17 26 27 9 23 6 9
62 Inf 97 83 59 1 27
31 1 38 49 43 7 23
53 53 27 33 26 19 Inf
21 8 37 32 41 26 8
19 13 11 29 14 Inf 20
108 131 177 174 133 119 87
52 103 Inf 75 Inf 101 38
5 7 4 2 7 3 1
8 2 4 8 3 1 6
97 190 7 34 2 99 137
8 7 3 7 8 3 11
47 33 19 32 83 24 6
67 9 Inf 66 Inf 110 96
17 14 11 3 21 4 7
8 Inf 13 7 3 Inf 1
3 1 3 4 Inf 3 Inf
21 Inf 7 25 22 Inf 4
107 16 210 Inf 159 168 199
3 1 4 2 2 2 2
2 3 1 Inf 3 1 3
72 16 5 42 2 39 Inf
1 3
1 4
1 5
1 8
1 19
1 21
1 22
1 23
1 24
1 26
2 6
2 17
3 28
4 28
5 28
6 7
7 18
8 9
9 10
10 11
10 12
11 15
12 13
13 14
13 16
14 28
15 28
16 28
17 28
18 28
19 20
20 28
21 28
22 28
23 28
24 25
25 28
26 27
27 28
-1 -1
