28
70 120 35 5 47 Inf 134
59 Inf 71 100 Inf 29 56
33 10 4 27 45 10 62
6 4 12 3 4 12 5
1 Inf 2 1 2 2 1
27 Inf 42 Inf 52 40 53
17 Inf 30 2 16 Inf 22
62 2 44 98 Inf 120 37
31 60 41 35 8 43 46
53 96 37 2 61 22 102
21 37 12 39 21 Inf 36
19 37 3 3 12 27 29
108 45 38 159 13 66 122
52 90 23 Inf 19 79 50
5 8 6 1 5 4 2
8 Inf 13 13 Inf 4 Inf
97 Inf 5 185 17 104 Inf
8 Inf 10 4 Inf 13 4
47 45 70 93 31 26 13
67 35 82 130 38 128 32
17 2 18 6 9 26 27
8 4 14 14 4 10 6
3 1 Inf Inf 5 3 Inf
21 Inf 32 14 24 Inf 19
107 149 173 163 16 Inf 156
3 4 5 6 2 4 1
2 4 1 Inf 4 4 Inf
72 3 37 108 Inf 15 45
1 3
1 4
1 5
1 8
1 19
1 21
1 22
1 23
1 24
1 26
2 6
2 17
3 28
4 28
5 28
6 7
7 18
8 9
9 10
10 11
10 12
11 15
12 13
13 14
13 16
14 28
15 28
16 28
17 28
18 28
19 20
20 28
21 28
22 28
23 28
24 25
25 28
26 27
27 28
-1 -1
