28
70 117 118 11 8 50 Inf
59 30 Inf Inf 98 8 52
33 22 8 4 47 4 22
6 Inf 8 6 2 3 4
1 2 2 2 2 Inf Inf
27 53 36 47 39 44 3
17 15 11 2 Inf 28 16
62 Inf 66 Inf 15 Inf 113
31 61 33 51 34 56 51
53 56 14 98 Inf 97 99
21 32 25 Inf 13 15 Inf
19 15 24 19 30 Inf 9
108 153 140 46 137 65 81
52 56 16 72 Inf Inf 17
5 1 1 Inf 2 6 10
8 2 12 7 9 7 Inf
97 38 50 66 43 83 26
8 12 2 15 6 10 10
47 27 1 66 11 22 25
67 48 4 Inf 3 5 62
17 Inf 12 11 6 2 9
8 2 6 3 10 7 12
3 1 5 6 4 1 4
21 6 28 28 3 Inf 28
107 186 58 132 59 Inf 198
3 2 3 5 1 1 1
2 3 3 Inf 2 4 2
72 Inf 3 119 16 85 Inf
1 3
1 4
1 5
1 8
1 19
1 21
1 22
1 23
1 24
1 26
2 6
2 17
3 28
4 28
5 28
6 7
7 18
8 9
9 10
10 11
10 12
11 15
12 13
13 14
13 16
14 28
15 28
16 28
17 28
18 28
19 20
20 28
21 28
22 28
23 28
24 25
25 28
26 27
27 28
-1 -1
