28
70 58 13 13
59 50 3 40
33 11 21 16
6 2 Inf 5
1 1 1 1
27 9 Inf 25
17 Inf Inf 3
62 11 47 Inf
31 16 4 Inf
53 20 Inf Inf
21 15 Inf 9
19 15 2 7
108 108 Inf 93
52 16 15 25
5 4 1 5
8 5 1 1
97 60 51 73
8 7 8 2
47 40 19 22
67 15 6 17
17 14 5 Inf
8 3 3 1
3 3 1 1
21 7 15 Inf
107 78 14 44
3 3 2 Inf
2 2 1 2
72 59 71 70
1 3
1 4
1 5
1 8
1 19
1 21
1 22
1 23
1 24
1 26
2 6
2 17
3 28
4 28
5 28
6 7
7 18
8 9
9 10
10 11
10 12
11 15
12 13
13 14
13 16
14 28
15 28
16 28
17 28
18 28
19 20
20 28
21 28
22 28
23 28
24 25
25 28
26 27
27 28
-1 -1
