28
70 65 58 45 Inf 20 74
59 39 87 11 23 Inf 83
33 7 30 17 12 24 9
6 10 8 6 9 12 Inf
1 1 1 Inf 1 1 2
27 3 25 40 Inf 42 14
17 22 25 1 22 16 18
62 22 91 Inf 4 120 78
31 4 4 55 29 14 50
53 67 46 95 68 45 67
21 6 Inf Inf 13 2 24
19 8 Inf 7 37 27 22
108 153 47 78 32 87 139
52 Inf Inf 17 77 45 17
5 Inf Inf 3 2 9 6
8 15 13 3 14 1 12
97 13 138 Inf 89 65 Inf
8 15 3 3 10 3 9
47 12 18 1 7 18 85
67 5 16 127 94 110 68
17 20 11 32 13 15 6
8 8 4 Inf 12 7 8
3 1 4 3 4 6 1
21 Inf 12 2 8 26 6
107 100 79 111 153 Inf 94
3 3 5 6 5 1 1
2 3 3 3 4 3 1
72 66 144 34 44 83 130
1 3
1 4
1 5
1 8
1 19
1 21
1 22
1 23
1 24
1 26
2 6
2 17
3 28
4 28
5 28
6 7
7 18
8 9
9 10
10 11
10 12
11 15
12 13
13 14
13 16
14 28
15 28
16 28
17 28
18 28
19 20
20 28
21 28
22 28
23 28
24 25
25 28
26 27
27 28
-1 -1
