28
70 97 27 33 111 120 131
59 Inf 68 93 24 57 33
33 Inf 55 51 41 62 25
6 12 2 12 Inf 3 3
1 Inf 2 1 1 2 1
27 51 Inf 10 20 14 48
17 12 27 31 23 31 6
62 Inf 15 111 108 48 14
31 42 39 Inf 46 17 Inf
53 6 44 87 76 47 100
21 34 10 Inf 18 7 32
19 22 23 6 Inf 8 14
108 77 38 89 171 75 Inf
52 Inf 43 Inf 9 8 Inf
5 3 8 3 1 Inf 5
8 16 7 13 14 7 10
97 122 62 127 59 130 157
8 6 2 Inf Inf 9 6
47 4 40 47 79 21 8
67 67 126 36 111 72 71
17 29 17 Inf 4 1 20
8 3 3 5 15 Inf 4
3 1 3 2 3 6 3
21 17 15 17 11 8 14
107 73 Inf 78 Inf 18 106
3 6 1 1 Inf 2 3
2 2 4 2 1 4 Inf
72 52 96 82 14 75 111
1 3
1 4
1 5
1 8
1 19
1 21
1 22
1 23
1 24
1 26
2 6
2 17
3 28
4 28
5 28
6 7
7 18
8 9
9 10
10 11
10 12
11 15
12 13
13 14
13 16
14 28
15 28
16 28
17 28
18 28
19 20
20 28
21 28
22 28
23 28
24 25
25 28
26 27
27 28
-1 -1
