28
70 128 Inf 106 13 Inf 44
59 67 87 117 65 Inf 57
33 48 6 60 28 4 41
6 9 1 2 2 6 6
1 Inf 2 2 Inf 2 1
27 48 8 54 2 48 25
17 5 6 10 16 22 26
62 64 87 38 14 87 117
31 31 Inf 13 31 16 12
53 8 7 13 92 67 105
21 35 9 18 23 23 22
19 22 7 7 32 8 Inf
108 Inf 46 147 Inf 33 Inf
52 24 95 62 Inf 53 69
5 7 8 7 4 1 9
8 1 15 6 Inf Inf 15
97 18 7 Inf Inf 22 175
8 11 Inf 2 2 Inf 10
47 11 Inf 7 37 91 73
67 27 Inf 79 132 34 119
17 7 20 5 16 32 14
8 12 12 Inf 12 16 1
3 2 4 3 3 6 5
21 42 41 4 12 28 17
107 127 167 97 62 11 145
3 3 1 1 Inf Inf 3
2 1 Inf 1 3 2 1
72 64 44 13 30 77 55
1 3
1 4
1 5
1 8
1 19
1 21
1 22
1 23
1 24
1 26
2 6
2 17
3 28
4 28
5 28
6 7
7 18
8 9
9 10
10 11
10 12
11 15
12 13
13 14
13 16
14 28
15 28
16 28
17 28
18 28
19 20
20 28
21 28
22 28
23 28
24 25
25 28
26 27
27 28
-1 -1
