28
70 126 108 140 Inf 84 22
59 Inf 63 42 70 93 26
33 7 50 49 51 31 29
6 11 Inf 9 7 12 10
1 2 1 2 1 1 1
27 11 4 Inf 16 16 23
17 1 13 34 18 17 32
62 103 47 24 64 84 4
31 15 Inf 15 Inf 62 Inf
53 56 80 66 Inf 51 Inf
21 25 20 14 40 19 Inf
19 11 17 38 17 29 28
108 19 Inf 23 145 185 75
52 Inf 85 8 38 30 24
5 9 10 10 9 4 10
8 13 2 Inf 2 4 9
97 160 160 169 34 57 192
8 9 Inf 15 3 2 Inf
47 53 77 Inf 25 84 63
67 49 91 1 97 3 78
17 13 26 21 11 4 14
8 6 Inf 6 14 13 2
3 1 4 Inf 1 2 5
21 29 5 5 14 14 18
107 Inf 116 182 155 Inf 14
3 4 Inf 5 1 2 2
2 Inf 4 2 4 4 3
72 19 102 129 144 32 46
1 3
1 4
1 5
1 8
1 19
1 21
1 22
1 23
1 24
1 26
2 6
2 17
3 28
4 28
5 28
6 7
7 18
8 9
9 10
10 11
10 12
11 15
12 13
13 14
13 16
14 28
15 28
16 28
17 28
18 28
19 20
20 28
21 28
22 28
23 28
24 25
25 28
26 27
27 28
-1 -1
