28
70 76 123 18 Inf 132 21
59 42 45 98 14 71 103
33 40 54 32 29 29 21
6 2 7 10 2 Inf 6
1 1 Inf 1 2 2 1
27 6 40 50 5 51 40
17 31 24 4 7 31 Inf
62 35 112 22 38 30 30
31 2 56 35 Inf 27 59
53 20 Inf Inf 37 34 4
21 Inf 29 3 2 Inf 21
19 Inf 9 Inf 30 36 18
108 167 205 Inf 72 181 55
52 98 44 28 Inf 35 Inf
5 8 Inf 8 5 Inf 3
8 8 16 4 2 12 5
97 63 122 20 163 42 108
8 2 13 3 14 5 8
47 77 69 18 12 55 Inf
67 7 11 5 Inf 66 15
17 17 16 5 Inf 7 12
8 12 2 15 4 10 Inf
3 Inf 2 1 6 2 4
21 36 4 30 8 32 39
107 161 81 187 46 184 Inf
3 1 4 2 5 4 3
2 Inf 1 1 1 2 2
72 89 129 17 137 122 105
1 3
1 4
1 5
1 8
1 19
1 21
1 22
1 23
1 24
1 26
2 6
2 17
3 28
4 28
5 28
6 7
7 18
8 9
9 10
10 11
10 12
11 15
12 13
13 14
13 16
14 28
15 28
16 28
17 28
18 28
19 20
20 28
21 28
22 28
23 28
24 25
25 28
26 27
27 28
-1 -1
