28
70 93 12 Inf Inf Inf 52
59 Inf 111 25 42 17 10
33 20 65 64 11 40 35
6 4 1 6 1 Inf Inf
1 1 1 Inf 2 1 2
27 42 46 48 44 28 Inf
17 18 11 18 Inf 1 2
62 105 Inf 79 115 23 104
31 16 Inf 55 15 60 25
53 103 100 36 22 106 68
21 17 30 9 21 42 24
19 33 16 38 2 14 13
108 136 17 13 137 Inf 1
52 Inf 47 4 78 101 26
5 8 9 2 3 7 5
8 Inf 11 11 8 4 6
97 70 134 Inf 39 47 146
8 9 Inf 9 1 13 3
47 80 82 48 63 86 91
67 124 94 24 14 2 67
17 18 4 23 4 10 4
8 1 3 5 4 2 Inf
3 5 5 Inf 1 3 3
21 34 39 16 31 Inf 15
107 147 Inf 48 43 142 77
3 6 1 6 6 5 Inf
2 2 2 2 1 1 Inf
72 75 45 35 118 33 91
1 3
1 4
1 5
1 8
1 19
1 21
1 22
1 23
1 24
1 26
2 6
2 17
3 28
4 28
5 28
6 7
7 18
8 9
9 10
10 11
10 12
11 15
12 13
13 14
13 16
14 28
15 28
16 28
17 28
18 28
19 20
20 28
21 28
22 28
23 28
24 25
25 28
26 27
27 28
-1 -1
