28
70 20 Inf 12 5 43 22
59 74 51 101 47 85 10
33 2 50 29 Inf 56 35
6 Inf 9 Inf 9 9 11
1 Inf 2 2 2 2 2
27 20 2 4 Inf 2 13
17 26 6 14 18 33 Inf
62 55 118 Inf 40 88 27
31 10 37 7 60 33 58
53 Inf 17 51 58 58 45
21 20 3 6 26 12 42
19 2 35 Inf 3 23 20
108 109 183 52 126 57 191
52 1 18 49 14 6 59
5 4 4 5 2 3 8
8 11 4 10 1 8 Inf
97 128 161 143 Inf 25 172
8 8 13 1 2 14 11
47 31 6 28 8 7 57
67 108 120 71 36 91 90
17 5 13 7 19 9 1
8 1 8 9 10 10 13
3 5 2 1 5 1 5
21 8 21 Inf 4 Inf Inf
107 Inf 176 34 73 122 13
3 5 1 1 Inf 3 3
2 3 1 Inf 2 2 3
72 Inf 14 6 102 104 115
1 3
1 4
1 5
1 8
1 19
1 21
1 22
1 23
1 24
1 26
2 6
2 17
3 28
4 28
5 28
6 7
7 18
8 9
9 10
10 11
10 12
11 15
12 13
13 14
13 16
14 28
15 28
16 28
17 28
18 28
19 20
20 28
21 28
22 28
23 28
24 25
25 28
26 27
27 28
-1 -1
