28
70 Inf 4 30 98 50 19
59 113 5 18 95 34 1
33 15 21 28 1 23 9
6 6 9 8 1 2 4
1 2 2 1 1 Inf 1
27 28 45 15 Inf 44 30
17 27 31 12 15 8 4
62 89 100 36 83 98 7
31 23 23 11 Inf 5 50
53 3 50 12 Inf 99 15
21 23 40 Inf 18 36 11
19 17 18 Inf 32 28 8
108 60 30 15 Inf 206 35
52 96 59 50 53 4 10
5 3 9 6 5 5 4
8 16 4 13 16 14 9
97 189 118 99 45 65 178
8 8 16 15 Inf 14 7
47 3 Inf Inf 5 68 77
67 101 12 4 48 26 Inf
17 10 3 3 7 21 5
8 3 16 15 Inf 9 12
3 6 1 2 2 1 1
21 13 12 41 Inf 10 19
107 156 88 191 1 63 194
3 Inf 1 2 3 5 Inf
2 4 3 4 4 2 4
72 81 40 93 57 97 32
1 3
1 4
1 5
1 8
1 19
1 21
1 22
1 23
1 24
1 26
2 6
2 17
3 28
4 28
5 28
6 7
7 18
8 9
9 10
10 11
10 12
11 15
12 13
13 14
13 16
14 28
15 28
16 28
17 28
18 28
19 20
20 28
21 28
22 28
23 28
24 25
25 28
26 27
27 28
-1 -1
