28
70 50 Inf 52
59 45 3 15
33 26 3 22
6 5 4 6
1 Inf 1 1
27 6 Inf 7
17 4 7 11
62 39 3 14
31 11 2 22
53 8 30 17
21 14 3 21
19 18 14 1
108 Inf 16 57
52 Inf 49 39
5 2 1 5
8 3 2 4
97 19 79 55
8 6 Inf 6
47 26 13 34
67 63 Inf 10
17 Inf 4 4
8 Inf 2 1
3 2 1 2
21 11 9 11
107 81 82 10
3 1 1 2
2 Inf Inf 1
72 40 66 50
1 3
1 4
1 5
1 8
1 19
1 21
1 22
1 23
1 24
1 26
2 6
2 17
3 28
4 28
5 28
6 7
7 18
8 9
9 10
10 11
10 12
11 15
12 13
13 14
13 16
14 28
15 28
16 28
17 28
18 28
19 20
20 28
21 28
22 28
23 28
24 25
25 28
26 27
27 28
-1 -1
