28
70 38 134 123 32 43 77
59 30 113 Inf Inf 14 84
33 66 23 15 50 49 41
6 8 9 7 Inf 1 3
1 1 Inf 1 1 2 2
27 7 33 5 53 28 36
17 27 26 Inf 1 24 11
62 Inf 113 122 Inf 30 114
31 41 23 Inf 25 3 44
53 15 19 72 72 69 75
21 21 8 10 6 40 Inf
19 17 9 35 26 23 14
108 125 157 202 43 104 68
52 50 54 70 63 66 Inf
5 4 4 Inf Inf 2 2
8 10 9 13 8 7 2
97 158 64 20 91 34 119
8 8 6 1 15 13 Inf
47 8 60 28 Inf 53 Inf
67 Inf 26 107 54 60 Inf
17 9 13 1 34 Inf 11
8 Inf 13 10 4 13 10
3 Inf 6 3 6 3 1
21 8 24 1 6 12 9
107 106 52 150 Inf 86 119
3 1 1 Inf Inf 2 2
2 4 3 3 2 Inf 1
72 49 66 32 143 8 134
1 3
1 4
1 5
1 8
1 19
1 21
1 22
1 23
1 24
1 26
2 6
2 17
3 28
4 28
5 28
6 7
7 18
8 9
9 10
10 11
10 12
11 15
12 13
13 14
13 16
14 28
15 28
16 28
17 28
18 28
19 20
20 28
21 28
22 28
23 28
24 25
25 28
26 27
27 28
-1 -1
