28
70 57 37 23
59 30 49 28
33 7 16 29
6 6 6 1
1 1 1 1
27 1 22 14
17 2 14 Inf
62 18 27 58
31 17 7 7
53 5 1 35
21 2 6 15
19 16 13 9
108 64 55 47
52 42 Inf 46
5 1 1 3
8 3 6 7
97 10 51 92
8 5 4 4
47 16 10 12
67 3 24 8
17 15 12 4
8 Inf Inf 3
3 2 2 1
21 1 8 5
107 96 71 41
3 1 Inf 3
2 2 1 1
72 33 66 7
1 3
1 4
1 5
1 8
1 19
1 21
1 22
1 23
1 24
1 26
2 6
2 17
3 28
4 28
5 28
6 7
7 18
8 9
9 10
10 11
10 12
11 15
12 13
13 14
13 16
14 28
15 28
16 28
17 28
18 28
19 20
20 28
21 28
22 28
23 28
24 25
25 28
26 27
27 28
-1 -1
