75
23 Inf Inf 12 Inf Inf 23 2 14 16 3
24 7 16 4 17 2 9 7 1 6 23
25 Inf 8 20 13 20 12 Inf 15 4 5
26 26 15 20 Inf 20 13 21 1 1 5
23 7 12 10 1 13 2 9 4 9 18
22 14 18 7 Inf 20 7 8 15 21 6
6 Inf 1 5 3 1 2 1 3 4 Inf
22 11 4 20 15 12 15 2 19 13 6
23 10 18 8 22 3 17 17 Inf 22 Inf
21 10 17 18 18 3 10 15 Inf 13 12
22 3 21 Inf 5 15 20 10 2 3 9
15 15 11 Inf 14 2 Inf 12 7 15 4
5 1 4 5 4 Inf 2 Inf 2 5 Inf
23 18 15 Inf 17 17 Inf 1 20 9 2
4 Inf 1 1 3 3 2 1 3 1 3
26 17 23 6 19 Inf 24 4 2 9 11
21 9 Inf 6 4 16 9 18 19 3 4
5 2 3 1 5 3 3 4 1 Inf 3
24 2 17 10 Inf 13 17 11 6 18 5
25 12 21 3 3 18 19 13 24 20 4
26 4 17 6 7 20 7 17 Inf 14 5
26 20 1 18 16 6 21 9 21 11 Inf
24 7 20 2 1 12 1 1 14 7 8
27 4 11 27 19 7 14 2 6 Inf 25
20 8 8 Inf 9 9 18 Inf 11 18 Inf
23 3 Inf 3 1 16 19 12 9 7 18
25 3 13 9 Inf 20 Inf 10 4 4 3
13 9 7 12 1 2 Inf 2 12 Inf 2
3 Inf Inf 3 Inf 2 1 Inf 1 3 1
11 4 9 11 3 3 2 3 11 8 Inf
21 Inf 12 14 1 1 6 2 Inf 7 19
22 Inf 4 11 20 21 13 16 4 4 10
21 17 5 5 6 3 6 9 20 21 5
22 6 2 11 18 6 10 5 17 12 19
25 2 22 8 2 8 16 20 24 17 7
8 3 5 4 2 7 1 7 Inf Inf 8
22 Inf Inf Inf Inf 3 7 Inf 20 15 14
24 17 7 7 18 6 2 12 21 13 7
22 3 6 14 7 Inf Inf 6 15 6 11
21 21 Inf 16 9 20 10 5 7 3 21
6 5 4 3 6 5 3 2 3 5 4
26 16 7 26 10 20 12 8 15 16 19
22 22 16 11 6 4 14 8 Inf 3 9
6 Inf 2 2 1 4 1 4 2 1 Inf
21 18 2 Inf 4 Inf 6 1 7 18 4
25 1 9 6 21 14 22 18 7 24 22
11 Inf 3 3 3 8 1 11 4 4 9
22 8 Inf 22 15 10 1 13 6 20 7
21 15 1 20 15 Inf 8 21 5 Inf 3
25 6 Inf 23 25 7 22 4 6 Inf 6
22 Inf 1 1 15 14 10 21 13 1 9
22 10 19 15 19 20 11 19 7 1 12
23 2 16 18 1 9 23 10 Inf 23 Inf
22 14 18 5 6 5 22 17 14 15 17
22 13 16 22 1 15 3 15 18 Inf 19
25 21 22 7 5 20 4 22 22 24 24
23 1 16 Inf Inf 18 20 19 15 4 20
21 5 14 7 13 10 17 17 5 21 18
22 19 10 Inf Inf 21 3 Inf 1 19 Inf
22 13 18 15 5 Inf 20 Inf 6 20 11
22 15 20 Inf 5 20 3 5 6 6 5
22 8 6 18 4 Inf 15 5 5 9 5
21 15 18 3 18 3 Inf 20 14 11 18
27 2 25 5 10 19 Inf 5 16 25 15
23 14 5 21 5 15 5 8 18 8 1
2 Inf 1 Inf 2 Inf 2 1 1 2 1
26 15 15 3 14 7 Inf 2 4 19 19
25 2 Inf 12 13 18 3 5 7 20 20
24 8 18 16 Inf 2 8 24 17 23 1
22 11 3 5 Inf 5 14 22 Inf 4 13
24 11 13 Inf 12 13 7 17 8 22 13
4 4 Inf 2 1 Inf 2 4 3 1 4
22 21 13 13 1 Inf 12 19 Inf 7 6
10 Inf Inf Inf 5 1 7 7 10 Inf 1
25 Inf Inf 18 8 5 10 16 20 11 20
1 2
1 3
1 4
1 5
1 6
1 7
2 15
3 13
3 24
4 8
4 14
4 16
5 12
5 15
6 9
6 10
6 11
6 13
9 20
9 24
10 18
12 19
13 22
15 17
15 20
15 23
16 21
16 26
17 30
18 26
18 30
20 27
21 33
24 25
25 28
25 30
25 33
25 34
26 31
26 32
26 41
27 29
27 35
27 36
31 37
31 39
32 44
32 45
33 41
35 38
35 42
36 40
36 43
39 51
40 46
42 47
43 48
43 50
46 51
46 48
47 49
47 50
47 52
47 53
49 59
49 61
49 62
50 54
50 55
50 60
50 62
52 56
52 57
53 58
55 63
58 65
59 64
59 66
62 67
66 68
68 69
68 70
68 71
68 72
68 73
68 74
68 75
-1 -1
