75
23 5 12 Inf 23 9 20 4 17 19 5
24 Inf 15 22 Inf 4 4 19 19 Inf Inf
25 11 Inf Inf 22 15 10 3 5 7 19
26 Inf 5 Inf Inf 4 8 23 26 3 Inf
23 20 10 5 20 8 Inf 23 Inf 15 8
22 12 14 20 8 15 19 Inf 21 Inf 6
6 2 1 5 4 Inf 6 3 Inf 1 Inf
22 Inf 1 17 3 15 1 21 Inf 1 Inf
23 15 19 15 Inf 9 Inf 17 4 22 15
21 Inf 17 Inf 20 21 1 5 Inf 11 14
22 20 19 2 5 8 16 5 5 9 11
15 12 Inf 1 15 8 5 13 2 14 1
5 3 1 Inf 2 2 5 1 Inf Inf 5
23 Inf Inf 23 23 21 6 1 22 15 4
4 Inf 3 4 3 4 1 1 3 Inf 3
26 18 19 Inf 20 25 15 Inf 20 Inf 6
21 Inf Inf Inf 14 6 19 21 Inf Inf 11
5 3 2 1 1 5 3 2 5 3 5
24 9 6 18 9 8 Inf 24 Inf Inf 10
25 6 4 22 16 16 19 11 6 2 Inf
26 Inf 23 Inf 7 Inf Inf 4 26 8 21
26 26 8 3 Inf 15 Inf 3 Inf 1 24
24 Inf Inf 15 4 17 9 8 10 8 Inf
27 7 6 23 14 1 26 27 15 23 16
20 16 Inf 9 12 4 20 Inf 11 10 16
23 Inf 22 Inf 16 20 18 21 Inf 2 14
25 15 1 22 Inf 9 8 1 2 Inf 13
13 2 2 12 12 9 Inf 6 13 12 Inf
3 Inf 2 1 1 1 3 1 3 1 Inf
11 6 4 3 Inf Inf 9 11 10 3 10
21 8 Inf 3 2 18 1 21 3 14 17
22 16 Inf Inf 5 4 1 2 22 Inf 9
21 11 Inf 8 14 Inf 8 16 Inf 17 17
22 10 Inf 6 12 16 13 Inf 8 5 Inf
25 4 25 21 1 2 22 4 16 1 3
8 Inf 4 5 7 4 3 4 4 6 1
22 Inf 13 18 Inf 20 20 2 8 10 1
24 Inf 12 Inf 3 Inf Inf 16 Inf 17 1
22 13 14 12 6 5 15 Inf 10 1 4
21 Inf 10 10 14 9 Inf 20 7 9 6
6 1 1 Inf 3 4 3 6 Inf Inf Inf
26 18 22 11 Inf 10 8 19 Inf 13 25
22 21 Inf Inf 1 22 7 16 19 6 22
6 5 5 5 4 Inf 1 5 Inf 6 Inf
21 Inf Inf 9 8 Inf 20 8 3 3 11
25 6 19 11 Inf Inf 10 10 11 15 21
11 4 5 2 Inf 9 9 3 Inf 2 5
22 1 3 1 22 11 4 13 Inf 18 Inf
21 Inf Inf 2 19 1 1 20 1 2 1
25 11 11 Inf 8 Inf 7 Inf 25 8 Inf
22 12 1 10 15 12 1 5 4 Inf 17
22 17 Inf 4 15 12 8 Inf 9 10 Inf
23 3 19 8 6 6 4 21 19 5 Inf
22 19 10 Inf 18 6 Inf Inf 7 Inf 22
22 5 Inf 18 5 12 1 17 2 4 21
25 Inf 15 12 Inf 6 5 12 10 2 5
23 22 14 19 11 Inf Inf 1 9 2 22
21 21 12 Inf 2 3 14 Inf Inf 18 20
22 5 Inf 9 Inf 21 15 16 Inf 22 3
22 4 5 3 7 Inf 12 4 9 Inf 20
22 22 9 4 Inf 16 3 11 17 15 12
22 10 2 Inf 16 Inf 17 6 6 Inf Inf
21 9 Inf 15 14 12 7 Inf 14 16 Inf
27 5 15 3 20 8 Inf Inf 23 21 Inf
23 2 1 13 1 Inf 14 4 23 16 2
2 1 1 Inf 2 2 Inf 2 Inf 2 2
26 Inf 13 17 Inf 8 25 13 26 26 Inf
25 13 13 Inf 24 Inf 9 13 12 17 Inf
24 5 Inf 14 5 15 14 5 3 Inf 3
22 15 14 12 9 2 3 13 14 12 5
24 Inf 8 Inf 3 Inf 16 Inf 18 Inf Inf
4 4 4 Inf 1 Inf 4 3 1 1 2
22 3 19 19 4 19 17 Inf 11 3 21
10 3 1 3 4 Inf 3 Inf 2 1 10
25 2 Inf Inf Inf 16 8 15 25 6 Inf
1 2
1 3
1 4
1 5
1 6
1 7
2 15
3 13
3 24
4 8
4 14
4 16
5 12
5 15
6 9
6 10
6 11
6 13
9 20
9 24
10 18
12 19
13 22
15 17
15 20
15 23
16 21
16 26
17 30
18 26
18 30
20 27
21 33
24 25
25 28
25 30
25 33
25 34
26 31
26 32
26 41
27 29
27 35
27 36
31 37
31 39
32 44
32 45
33 41
35 38
35 42
36 40
36 43
39 51
40 46
42 47
43 48
43 50
46 51
46 48
47 49
47 50
47 52
47 53
49 59
49 61
49 62
50 54
50 55
50 60
50 62
52 56
52 57
53 58
55 63
58 65
59 64
59 66
62 67
66 68
68 69
68 70
68 71
68 72
68 73
68 74
68 75
-1 -1
