75
23 5 8 16 1 5 19 23 Inf Inf 8
24 15 14 Inf 14 17 22 2 24 20 Inf
25 Inf 9 6 3 16 14 Inf Inf 18 20
26 22 8 Inf Inf 3 7 Inf Inf Inf 20
23 11 11 22 1 18 Inf 22 17 6 4
22 1 2 3 13 2 Inf Inf Inf 9 22
6 6 4 Inf Inf 6 5 3 1 5 5
22 Inf 11 4 19 9 19 Inf 12 19 Inf
23 Inf 4 13 16 21 Inf Inf 9 2 1
21 18 15 Inf 12 2 3 Inf 18 3 6
22 18 21 13 3 17 20 7 Inf 9 11
15 4 7 13 8 2 1 10 7 14 Inf
5 5 Inf 4 1 Inf 1 Inf 1 4 2
23 10 22 19 15 18 19 15 1 3 22
4 1 1 Inf 1 3 Inf 3 2 Inf 1
26 20 Inf 6 Inf Inf 16 22 Inf 10 6
21 14 Inf 14 9 Inf Inf Inf Inf 4 4
5 2 1 4 5 4 Inf Inf 3 1 Inf
24 16 13 9 21 Inf 19 1 17 8 14
25 20 Inf 13 12 5 7 2 21 25 22
26 18 3 26 8 24 17 Inf 19 Inf 14
26 Inf Inf 19 Inf 26 7 Inf 23 10 3
24 Inf 24 18 7 Inf 4 1 20 7 15
27 20 6 3 Inf 22 22 4 2 23 22
20 6 19 Inf 5 3 3 5 6 Inf Inf
23 2 10 16 14 7 12 10 20 11 2
25 6 1 15 4 7 17 14 1 2 Inf
13 4 1 5 Inf 1 3 9 Inf 9 3
3 1 Inf 1 2 1 Inf 1 1 2 3
11 10 11 1 4 1 3 6 5 7 Inf
21 13 20 2 11 Inf 4 Inf 16 5 Inf
22 22 Inf 13 Inf 13 Inf 1 5 1 3
21 Inf 19 6 11 7 Inf 9 20 5 16
22 4 11 3 Inf 20 5 19 21 5 22
25 25 24 Inf 16 Inf 20 5 2 4 25
8 5 4 3 5 1 Inf 2 Inf 1 Inf
22 Inf Inf 7 13 Inf 9 13 16 8 8
24 5 20 5 20 10 21 14 17 5 Inf
22 15 13 4 Inf 2 Inf 1 16 9 1
21 Inf 11 16 6 Inf Inf 21 15 13 1
6 1 3 Inf 1 4 Inf 5 Inf 5 3
26 12 3 4 21 4 Inf Inf 10 2 Inf
22 15 Inf 2 Inf Inf 19 2 Inf Inf Inf
6 Inf 6 Inf 2 5 Inf 4 5 1 2
21 14 Inf 6 5 14 14 16 8 14 9
25 1 2 2 25 22 15 2 Inf 6 Inf
11 1 Inf 8 Inf 5 1 Inf Inf 11 2
22 Inf Inf 19 2 Inf Inf 6 16 Inf 13
21 14 4 16 8 18 Inf 4 10 13 Inf
25 18 23 25 2 3 1 Inf 8 6 10
22 1 1 9 1 17 Inf 20 Inf Inf 3
22 Inf 17 2 18 16 Inf 12 11 21 22
23 Inf Inf Inf 14 18 6 Inf 22 14 16
22 22 7 22 6 5 7 22 Inf 4 5
22 5 7 Inf Inf 5 22 Inf 20 Inf 19
25 25 22 25 8 22 Inf 2 Inf 15 23
23 Inf Inf 5 9 8 6 10 9 1 19
21 Inf 11 17 20 21 Inf 16 13 3 17
22 14 Inf 21 3 18 4 18 Inf Inf Inf
22 4 8 Inf 3 22 13 Inf 6 4 10
22 Inf 20 Inf 13 Inf 3 5 4 19 Inf
22 10 17 17 2 14 2 20 19 13 16
21 13 Inf 16 13 13 10 21 Inf 19 8
27 Inf Inf Inf Inf Inf 22 1 Inf 23 16
23 1 5 4 10 20 8 22 3 14 12
2 2 1 2 Inf 2 1 2 1 2 1
26 Inf 12 10 18 14 18 14 5 Inf 23
25 12 15 18 Inf 6 10 13 18 18 22
24 2 Inf 7 16 12 Inf 23 9 9 Inf
22 1 16 6 8 Inf 11 Inf 11 11 21
24 24 24 20 20 4 9 16 1 20 7
4 Inf 2 3 2 4 3 1 3 3 3
22 11 Inf 9 2 10 17 5 1 7 Inf
10 6 3 8 5 Inf 6 8 1 1 9
25 10 8 1 18 2 17 6 7 22 18
1 2
1 3
1 4
1 5
1 6
1 7
2 15
3 13
3 24
4 8
4 14
4 16
5 12
5 15
6 9
6 10
6 11
6 13
9 20
9 24
10 18
12 19
13 22
15 17
15 20
15 23
16 21
16 26
17 30
18 26
18 30
20 27
21 33
24 25
25 28
25 30
25 33
25 34
26 31
26 32
26 41
27 29
27 35
27 36
31 37
31 39
32 44
32 45
33 41
35 38
35 42
36 40
36 43
39 51
40 46
42 47
43 48
43 50
46 51
46 48
47 49
47 50
47 52
47 53
49 59
49 61
49 62
50 54
50 55
50 60
50 62
52 56
52 57
53 58
55 63
58 65
59 64
59 66
62 67
66 68
68 69
68 70
68 71
68 72
68 73
68 74
68 75
-1 -1
