75
23 Inf 23 8 20 7 7 18 10 Inf 13
24 11 21 2 2 3 6 4 3 17 16
25 16 4 11 Inf 10 16 3 3 13 12
26 5 Inf 23 26 22 Inf 19 13 3 Inf
23 22 9 12 13 Inf Inf Inf 2 5 1
22 18 3 8 Inf 17 19 20 9 4 Inf
6 6 3 Inf 5 3 4 Inf 3 Inf 5
22 15 Inf 8 6 Inf 6 20 6 22 Inf
23 3 23 15 13 2 7 10 1 Inf 16
21 Inf Inf Inf 14 Inf Inf 18 15 Inf Inf
22 4 Inf 9 8 Inf 15 15 2 14 Inf
15 Inf Inf Inf 3 10 8 14 11 14 14
5 2 2 5 4 Inf Inf 3 5 1 2
23 3 Inf 12 1 Inf Inf 6 Inf Inf 3
4 1 3 Inf 2 1 3 3 Inf 2 2
26 Inf 25 12 Inf 15 11 9 12 9 Inf
21 1 3 9 3 6 13 10 13 11 5
5 1 2 1 1 3 4 1 2 1 Inf
24 5 3 Inf 8 21 Inf 7 13 7 12
25 Inf Inf Inf 5 Inf 19 6 15 2 Inf
26 Inf Inf 8 Inf 3 5 18 Inf 25 Inf
26 8 3 15 Inf 4 17 6 4 Inf 11
24 4 Inf 2 Inf 23 10 1 5 Inf 19
27 13 27 11 17 19 Inf 10 Inf Inf 8
20 19 Inf 13 13 17 12 16 Inf 16 Inf
23 8 2 2 21 18 23 10 12 8 Inf
25 Inf 5 25 12 2 9 24 18 15 12
13 11 6 4 3 1 13 5 6 13 9
3 3 2 Inf 2 Inf 3 Inf 1 1 3
11 9 Inf Inf Inf 4 Inf 6 9 8 7
21 15 2 15 16 20 Inf 13 5 20 12
22 11 22 22 Inf 2 12 1 5 10 16
21 6 14 10 3 4 2 7 8 16 Inf
22 13 8 13 5 6 8 4 3 9 3
25 16 19 7 9 Inf 24 13 Inf 7 12
8 2 Inf 3 4 7 1 3 8 4 Inf
22 1 Inf 1 11 9 Inf 11 20 Inf Inf
24 21 14 2 3 2 20 Inf 20 20 16
22 1 15 20 15 6 Inf Inf 14 9 18
21 5 16 5 12 15 17 2 20 11 Inf
6 Inf Inf 3 4 2 Inf 2 Inf 5 Inf
26 21 Inf 9 4 24 17 8 21 8 5
22 1 3 9 6 17 4 1 5 18 5
6 Inf Inf 4 1 6 1 Inf 1 Inf Inf
21 Inf 11 8 18 13 7 9 5 19 Inf
25 24 10 5 9 16 15 6 20 23 14
11 9 8 5 Inf Inf 11 2 8 2 3
22 22 Inf 5 Inf Inf 6 5 17 6 13
21 4 1 Inf 2 Inf 12 11 15 2 19
25 12 5 7 1 10 17 3 21 4 13
22 4 11 1 1 11 11 Inf 2 5 4
22 11 20 Inf 16 10 15 Inf Inf 15 Inf
23 12 10 16 17 10 23 3 Inf 15 20
22 1 Inf 18 4 3 16 Inf 14 17 7
22 22 8 19 Inf Inf Inf 11 Inf Inf 11
25 22 10 9 Inf 23 8 5 3 15 24
23 Inf 21 13 17 Inf 20 11 6 14 Inf
21 Inf 12 3 Inf Inf 1 7 19 6 Inf
22 20 11 14 Inf 17 6 Inf Inf 16 Inf
22 13 Inf 7 13 19 22 3 19 6 10
22 Inf Inf Inf 13 6 4 2 Inf 10 4
22 6 Inf 16 3 15 5 Inf 4 Inf Inf
21 20 11 10 15 Inf 17 3 16 16 1
27 Inf Inf 6 Inf Inf 8 6 21 20 6
23 13 Inf 12 Inf Inf Inf 7 3 6 Inf
2 1 1 2 2 1 2 1 2 Inf 2
26 13 7 6 6 Inf Inf Inf 1 4 Inf
25 5 16 15 Inf 7 25 14 6 20 4
24 Inf 6 17 7 Inf Inf 12 6 Inf Inf
22 6 Inf Inf 14 3 Inf 6 18 2 Inf
24 16 Inf 24 18 Inf Inf 12 3 Inf 7
4 1 2 2 1 4 2 1 Inf Inf 1
22 9 12 10 6 22 15 6 13 21 4
10 10 6 3 3 1 5 8 Inf 5 10
25 24 9 Inf Inf 17 7 4 Inf 23 Inf
1 2
1 3
1 4
1 5
1 6
1 7
2 15
3 13
3 24
4 8
4 14
4 16
5 12
5 15
6 9
6 10
6 11
6 13
9 20
9 24
10 18
12 19
13 22
15 17
15 20
15 23
16 21
16 26
17 30
18 26
18 30
20 27
21 33
24 25
25 28
25 30
25 33
25 34
26 31
26 32
26 41
27 29
27 35
27 36
31 37
31 39
32 44
32 45
33 41
35 38
35 42
36 40
36 43
39 51
40 46
42 47
43 48
43 50
46 51
46 48
47 49
47 50
47 52
47 53
49 59
49 61
49 62
50 54
50 55
50 60
50 62
52 56
52 57
53 58
55 63
58 65
59 64
59 66
62 67
66 68
68 69
68 70
68 71
68 72
68 73
68 74
68 75
-1 -1
