75
23 Inf 3 14 13 15 20 9 13 21 9
24 Inf 5 11 19 23 8 23 23 Inf Inf
25 Inf 8 Inf Inf 23 Inf 3 10 23 16
26 25 11 Inf 10 5 24 15 12 25 9
23 5 14 Inf 12 Inf 23 17 Inf 13 17
22 18 Inf 20 19 13 Inf 11 19 Inf 10
6 6 1 4 6 4 5 2 Inf 3 1
22 Inf Inf Inf 5 10 Inf Inf 5 22 3
23 18 16 Inf 6 15 Inf 2 16 14 7
21 9 3 7 9 16 20 20 Inf 11 1
22 18 3 Inf 18 7 Inf 22 6 13 9
15 13 4 3 1 5 2 3 1 Inf 11
5 1 1 4 1 3 4 3 3 Inf 2
23 15 Inf 23 18 Inf Inf 17 11 12 Inf
4 1 4 4 3 2 2 4 1 Inf 2
26 17 10 21 24 5 Inf 2 3 24 Inf
21 15 Inf 20 12 15 15 Inf 12 9 Inf
5 4 4 3 3 Inf 5 5 5 3 1
24 8 1 8 23 22 2 12 20 14 18
25 19 Inf 13 Inf Inf 17 2 4 19 15
26 4 Inf 7 Inf 16 Inf Inf 6 6 19
26 3 Inf 18 25 19 26 Inf 17 20 Inf
24 12 4 7 6 24 Inf 4 Inf Inf Inf
27 10 9 27 3 23 26 Inf 21 Inf 25
20 7 Inf Inf 7 12 11 4 5 20 4
23 3 14 Inf Inf 15 13 Inf 21 16 5
25 21 18 Inf Inf 15 18 Inf 9 Inf 14
13 7 2 3 3 10 6 1 Inf 8 10
3 Inf 2 2 2 1 3 3 Inf 3 Inf
11 7 Inf 5 Inf 7 3 11 Inf 10 2
21 15 14 13 Inf 6 Inf 1 4 1 Inf
22 9 8 Inf 15 Inf 22 19 9 13 Inf
21 17 Inf 21 8 8 21 8 5 15 8
22 Inf Inf Inf 15 Inf Inf 12 15 6 Inf
25 Inf 23 18 18 14 Inf Inf Inf Inf 22
8 2 8 7 1 3 4 Inf 4 1 3
22 5 6 Inf 2 5 1 1 6 4 6
24 22 18 Inf Inf 8 1 6 Inf 8 17
22 Inf 12 Inf 18 15 17 Inf 5 21 14
21 Inf 21 21 10 Inf 21 Inf 7 12 5
6 1 4 5 Inf Inf 2 1 5 6 1
26 24 16 14 25 6 6 Inf Inf 10 7
22 10 22 Inf 20 4 Inf 18 Inf 3 12
6 3 Inf 5 3 Inf 3 6 2 4 5
21 Inf 20 Inf Inf 19 7 14 Inf 1 20
25 21 13 10 Inf 6 12 1 2 2 15
11 9 8 7 1 Inf 7 2 3 1 7
22 Inf 19 22 Inf 7 10 Inf 15 4 5
21 19 9 7 Inf 1 10 1 6 11 Inf
25 11 7 18 Inf Inf 10 13 Inf Inf Inf
22 1 Inf 3 4 11 Inf 11 5 8 6
22 19 Inf 7 Inf 2 10 22 Inf Inf 4
23 13 Inf 10 21 6 17 15 23 5 6
22 22 21 7 17 12 11 Inf 7 Inf 2
22 17 6 Inf 18 Inf 18 Inf 12 17 Inf
25 5 6 10 8 5 Inf 20 7 24 15
23 17 2 Inf 10 5 20 9 9 2 3
21 Inf 7 17 16 4 12 3 10 6 8
22 11 17 Inf 13 21 20 7 8 15 Inf
22 Inf 22 Inf 16 Inf 8 9 12 2 19
22 Inf 19 Inf Inf 4 21 21 1 14 6
22 13 11 21 9 Inf 13 5 9 Inf 3
21 20 3 Inf 9 14 4 2 3 11 9
27 Inf 20 15 6 6 8 15 1 Inf 27
23 22 Inf 21 Inf 6 14 23 1 22 19
2 2 1 1 2 Inf 2 1 2 2 1
26 12 2 10 Inf 2 Inf 19 Inf 15 2
25 12 1 12 2 9 Inf 10 1 24 1
24 Inf 23 4 Inf 16 Inf 22 20 4 6
22 10 12 11 3 Inf 5 10 Inf 17 16
24 9 Inf 3 14 Inf 4 22 2 7 14
4 2 3 1 1 4 1 4 1 Inf 4
22 Inf 12 Inf 5 Inf Inf 16 Inf 5 20
10 2 5 Inf 2 2 9 Inf 9 Inf Inf
25 16 3 5 4 5 4 12 Inf Inf 4
1 2
1 3
1 4
1 5
1 6
1 7
2 15
3 13
3 24
4 8
4 14
4 16
5 12
5 15
6 9
6 10
6 11
6 13
9 20
9 24
10 18
12 19
13 22
15 17
15 20
15 23
16 21
16 26
17 30
18 26
18 30
20 27
21 33
24 25
25 28
25 30
25 33
25 34
26 31
26 32
26 41
27 29
27 35
27 36
31 37
31 39
32 44
32 45
33 41
35 38
35 42
36 40
36 43
39 51
40 46
42 47
43 48
43 50
46 51
46 48
47 49
47 50
47 52
47 53
49 59
49 61
49 62
50 54
50 55
50 60
50 62
52 56
52 57
53 58
55 63
58 65
59 64
59 66
62 67
66 68
68 69
68 70
68 71
68 72
68 73
68 74
68 75
-1 -1
