75
23 Inf 30 9 39 38 13 12 6 33 5
24 40 8 20 11 Inf 12 7 6 8 15
25 4 42 43 43 37 23 32 42 29 31
26 46 14 19 12 17 25 14 46 Inf 15
23 20 27 9 2 Inf Inf 29 45 Inf 22
22 27 6 Inf 15 20 7 12 42 31 19
6 5 9 4 7 Inf 5 2 7 1 12
22 35 8 10 29 30 40 Inf 11 24 37
23 4 Inf 43 24 16 32 25 8 6 Inf
21 31 38 13 4 33 42 20 10 36 15
22 22 16 Inf Inf 42 36 Inf Inf 28 5
15 Inf Inf 3 24 16 10 28 5 5 16
5 9 7 4 9 Inf 1 3 7 8 7
23 1 46 37 45 8 9 2 6 Inf 44
4 6 2 8 8 3 Inf 7 4 4 2
26 7 22 49 16 15 1 Inf 30 28 44
21 19 39 Inf 8 11 42 39 32 26 14
5 Inf Inf 4 6 Inf 3 2 1 3 Inf
24 43 38 Inf 23 24 Inf 1 Inf 22 45
25 11 44 9 23 44 8 3 38 Inf 20
26 27 28 8 16 35 42 30 35 12 28
26 42 27 22 Inf 48 Inf 26 36 39 26
24 15 Inf 21 1 19 38 4 5 Inf 33
27 53 9 26 10 26 14 2 15 53 39
20 15 23 23 40 17 2 24 37 38 24
23 30 6 46 42 Inf Inf 19 19 32 30
25 42 6 39 24 2 Inf 6 29 11 44
13 1 22 4 26 7 23 18 4 11 4
3 2 6 5 4 Inf Inf Inf 2 6 4
11 13 19 Inf 18 16 2 21 13 2 2
21 34 3 Inf 25 Inf 13 2 18 22 15
22 19 38 34 5 42 17 24 17 16 6
21 30 2 27 3 25 33 16 15 40 7
22 30 28 1 Inf 4 19 6 42 39 5
25 Inf 41 Inf 13 18 46 38 16 42 22
8 2 14 3 1 7 1 9 8 7 7
22 Inf 26 8 13 9 15 8 6 7 26
24 8 38 42 40 40 44 44 29 14 3
22 Inf 22 28 Inf 26 6 37 32 13 13
21 31 12 26 9 1 10 1 31 13 27
6 3 11 1 1 4 3 2 2 5 1
26 18 45 38 11 13 38 37 39 26 28
22 42 7 9 4 23 Inf 15 33 8 10
6 3 1 2 11 7 2 3 Inf Inf 8
21 18 23 4 32 1 Inf Inf 8 41 30
25 Inf 9 47 31 44 46 5 21 29 24
11 Inf 8 5 5 19 20 17 17 2 18
22 Inf Inf 13 13 13 12 32 42 42 32
21 16 28 30 16 Inf 28 42 4 4 6
25 Inf 38 9 42 3 11 Inf 48 Inf 48
22 15 4 19 16 42 12 25 1 9 9
22 8 Inf 41 Inf 2 34 44 15 37 22
23 3 8 1 21 Inf 40 4 1 Inf 8
22 4 24 26 15 43 29 34 6 10 31
22 11 3 22 22 4 2 11 Inf Inf 17
25 33 6 35 12 25 32 39 31 Inf 33
23 17 15 3 31 Inf 6 11 17 14 33
21 25 8 1 34 5 28 35 31 4 2
22 20 39 19 30 37 8 33 32 10 22
22 32 Inf Inf 1 12 11 36 13 4 44
22 39 28 44 8 Inf 18 43 Inf 40 8
22 25 3 Inf 22 31 28 29 20 24 10
21 5 29 29 12 29 Inf 24 4 39 6
27 13 46 5 10 19 31 14 6 31 Inf
23 1 46 27 17 14 15 22 Inf 24 19
2 2 3 1 3 4 3 1 4 Inf 1
26 39 41 8 46 Inf Inf 6 2 7 Inf
25 19 32 9 Inf 14 7 38 19 48 3
24 17 39 19 42 24 8 25 Inf Inf 12
22 33 25 39 23 23 10 31 Inf 33 33
24 6 12 43 6 42 48 48 14 13 Inf
4 Inf 8 4 4 Inf 8 1 1 1 1
22 20 6 22 41 37 10 23 24 1 12
10 15 2 20 13 1 7 1 10 6 7
25 8 44 35 43 6 41 Inf 29 31 23
1 2
1 3
1 4
1 5
1 6
1 7
2 15
3 13
3 24
4 8
4 14
4 16
5 12
5 15
6 9
6 10
6 11
6 13
9 20
9 24
10 18
12 19
13 22
15 17
15 20
15 23
16 21
16 26
17 30
18 26
18 30
20 27
21 33
24 25
25 28
25 30
25 33
25 34
26 31
26 32
26 41
27 29
27 35
27 36
31 37
31 39
32 44
32 45
33 41
35 38
35 42
36 40
36 43
39 51
40 46
42 47
43 48
43 50
46 51
46 48
47 49
47 50
47 52
47 53
49 59
49 61
49 62
50 54
50 55
50 60
50 62
52 56
52 57
53 58
55 63
58 65
59 64
59 66
62 67
66 68
68 69
68 70
68 71
68 72
68 73
68 74
68 75
-1 -1
