75
23 42 21 29 4 37 5 45 6 29 32
24 11 44 11 14 29 4 5 10 22 2
25 33 Inf 17 20 Inf 46 3 13 41 25
26 Inf 26 26 40 8 12 8 29 Inf 23
23 10 Inf 10 11 21 33 2 37 34 9
22 3 Inf Inf 22 5 30 19 20 2 23
6 5 6 3 5 1 8 3 3 8 10
22 10 17 4 10 11 32 7 Inf 30 12
23 12 7 18 4 13 23 Inf Inf Inf 27
21 26 6 27 Inf 22 35 7 18 Inf 6
22 Inf 39 9 38 14 18 32 16 34 8
15 24 29 24 26 12 4 2 21 27 11
5 3 1 5 2 9 Inf 10 Inf 4 1
23 19 25 33 38 16 18 20 35 9 17
4 5 7 7 8 5 Inf 1 6 7 8
26 7 6 6 31 27 30 4 40 Inf 9
21 25 14 36 26 5 11 8 37 34 22
5 7 5 6 1 3 9 2 3 6 9
24 28 25 46 Inf 11 45 5 33 15 18
25 Inf Inf 49 Inf Inf Inf 45 18 3 15
26 10 13 42 3 35 48 12 51 40 19
26 29 46 6 27 44 43 46 10 5 4
24 Inf 5 36 10 14 Inf 13 2 2 13
27 41 Inf 41 Inf 9 10 2 1 4 Inf
20 31 17 4 19 Inf 10 23 35 3 17
23 44 44 8 11 3 38 36 31 16 Inf
25 19 15 32 25 11 46 2 42 Inf 48
13 19 2 13 14 6 17 3 2 22 21
3 2 1 Inf 3 4 Inf Inf 3 5 5
11 3 7 21 20 21 10 10 2 Inf 4
21 2 Inf 25 28 2 10 27 15 24 32
22 7 29 28 3 18 20 34 5 5 19
21 Inf 31 36 14 4 29 10 5 20 7
22 42 21 28 33 30 32 1 28 18 31
25 Inf 48 40 9 13 18 13 30 44 39
8 10 12 Inf 10 2 12 5 Inf 2 12
22 31 21 40 17 3 40 10 7 38 30
24 9 17 6 18 Inf 19 Inf 12 39 43
22 38 2 21 39 39 39 Inf 18 39 17
21 6 13 15 Inf 38 Inf 22 14 17 41
6 6 Inf 6 8 12 6 6 5 12 2
26 43 8 Inf 40 39 2 25 5 23 28
22 41 3 26 10 35 12 27 Inf 33 2
6 9 11 2 8 6 3 12 2 7 6
21 11 19 22 35 15 13 20 15 42 2
25 20 31 13 36 3 9 40 13 14 14
11 20 Inf 13 8 20 Inf 2 3 13 3
22 5 8 41 42 11 25 Inf 36 39 Inf
21 41 Inf 3 33 5 9 4 39 21 Inf
25 27 25 11 36 16 9 18 22 13 19
22 40 6 23 4 29 17 Inf 12 6 35
22 36 11 42 26 Inf 12 16 43 1 7
23 30 35 18 12 19 13 12 14 Inf Inf
22 43 Inf 16 26 9 2 1 5 39 27
22 6 42 32 5 33 33 36 42 Inf 15
25 Inf 15 19 2 24 47 48 26 23 Inf
23 Inf 19 3 31 10 8 9 14 44 44
21 14 42 28 34 8 16 13 2 Inf 25
22 Inf 21 19 15 20 Inf 16 16 Inf 23
22 25 Inf 32 3 25 Inf 31 38 43 17
22 34 13 4 13 Inf 34 43 Inf 1 22
22 24 4 7 23 34 20 44 21 Inf 19
21 26 32 7 28 6 3 19 6 3 Inf
27 1 15 21 8 46 Inf 29 35 34 25
23 27 17 32 29 4 4 14 8 34 41
2 4 1 3 3 1 Inf 1 3 4 3
26 12 44 32 2 Inf 35 11 8 Inf 30
25 32 Inf 32 5 42 20 5 30 47 41
24 6 41 14 8 15 15 7 31 40 3
22 28 Inf 2 23 11 18 3 39 6 11
24 12 44 41 16 29 10 Inf 42 39 5
4 5 2 3 4 7 5 1 2 2 1
22 3 19 4 30 19 35 17 19 3 42
10 19 13 13 5 9 16 3 4 2 19
25 49 Inf 15 11 38 6 15 Inf 28 10
1 2
1 3
1 4
1 5
1 6
1 7
2 15
3 13
3 24
4 8
4 14
4 16
5 12
5 15
6 9
6 10
6 11
6 13
9 20
9 24
10 18
12 19
13 22
15 17
15 20
15 23
16 21
16 26
17 30
18 26
18 30
20 27
21 33
24 25
25 28
25 30
25 33
25 34
26 31
26 32
26 41
27 29
27 35
27 36
31 37
31 39
32 44
32 45
33 41
35 38
35 42
36 40
36 43
39 51
40 46
42 47
43 48
43 50
46 51
46 48
47 49
47 50
47 52
47 53
49 59
49 61
49 62
50 54
50 55
50 60
50 62
52 56
52 57
53 58
55 63
58 65
59 64
59 66
62 67
66 68
68 69
68 70
68 71
68 72
68 73
68 74
68 75
-1 -1
