75
23 6 35 25 18 Inf 10 Inf 33 3 38
24 46 7 Inf 16 33 44 27 20 43 38
25 15 4 35 6 6 Inf 24 24 1 34
26 25 13 14 21 Inf 44 37 46 9 Inf
23 1 30 46 16 45 39 Inf 4 17 4
22 Inf 43 28 8 32 6 36 3 1 21
6 4 7 12 1 5 6 7 3 Inf 5
22 Inf 32 1 29 7 Inf 24 9 1 Inf
23 1 26 34 38 Inf 35 6 9 24 15
21 31 Inf 21 40 24 17 16 18 34 8
22 8 44 28 Inf 22 39 44 35 34 Inf
15 10 Inf 5 28 5 6 18 28 6 24
5 3 Inf 5 9 2 5 7 1 Inf 1
23 19 Inf 2 22 3 33 12 2 9 11
4 4 Inf 2 4 4 4 2 2 3 2
26 41 9 42 22 Inf Inf Inf 24 44 11
21 36 15 20 1 17 35 Inf 7 12 20
5 Inf 3 3 9 10 Inf 8 2 8 Inf
24 13 9 42 40 12 45 25 14 9 36
25 44 11 49 11 46 11 34 Inf 48 21
26 4 34 5 50 7 Inf 1 34 3 Inf
26 17 10 6 20 31 4 37 3 Inf 16
24 35 32 45 47 5 13 11 11 9 27
27 50 47 34 33 31 24 Inf 47 47 51
20 28 Inf 28 6 14 8 Inf 25 7 9
23 39 18 1 4 23 23 3 28 28 37
25 30 Inf 31 Inf 9 Inf Inf 50 21 28
13 8 17 16 10 23 19 6 16 5 2
3 2 3 Inf 1 2 2 1 2 Inf 1
11 Inf 6 10 12 18 9 22 Inf 11 12
21 21 5 22 16 Inf 30 9 34 37 31
22 20 44 7 Inf 28 17 1 1 43 34
21 13 14 32 Inf 27 18 9 Inf 24 29
22 33 13 3 1 28 32 3 42 30 21
25 13 4 14 43 40 26 28 5 5 49
8 5 14 13 11 4 Inf 4 4 10 Inf
22 16 41 42 20 28 Inf 37 4 30 12
24 17 Inf 11 39 33 14 22 44 1 Inf
22 13 38 42 Inf 43 Inf 8 Inf 17 4
21 39 4 29 39 2 32 28 6 8 22
6 11 10 12 5 1 11 6 2 9 11
26 Inf 15 3 34 46 27 22 36 44 8
22 29 7 19 Inf 33 16 40 41 44 40
6 Inf 11 2 12 2 11 6 8 Inf 10
21 34 13 11 24 37 23 36 42 9 Inf
25 21 19 11 14 32 6 28 47 9 34
11 Inf 9 20 2 8 1 14 22 Inf 16
22 14 27 Inf 2 8 Inf 20 36 33 12
21 11 34 29 16 4 3 21 32 24 18
25 8 Inf 26 Inf 27 33 33 17 36 26
22 Inf 27 38 36 41 41 7 42 31 5
22 15 37 Inf 30 12 6 10 9 Inf 10
23 39 37 18 31 33 11 Inf 10 42 17
22 7 16 43 37 14 20 Inf Inf 20 14
22 28 11 1 16 26 25 44 32 18 Inf
25 50 1 6 45 28 5 Inf 23 Inf 7
23 28 Inf 13 9 12 39 7 10 37 13
21 10 32 36 26 Inf 21 24 27 1 19
22 2 27 37 1 39 30 10 32 38 34
22 31 12 24 14 36 13 40 26 44 9
22 12 21 31 Inf 18 20 29 5 38 42
22 Inf 41 8 Inf Inf Inf 37 42 28 31
21 4 12 6 41 11 5 Inf 6 Inf 8
27 3 18 9 6 42 Inf 23 14 41 13
23 Inf 7 9 6 35 Inf 18 Inf 37 33
2 2 1 2 2 4 4 2 3 2 1
26 50 7 Inf 8 35 38 Inf 1 Inf 24
25 2 7 4 26 2 Inf Inf 18 15 42
24 35 48 31 43 6 32 Inf 9 3 Inf
22 37 44 34 Inf 33 20 1 10 27 43
24 2 39 13 5 19 2 29 13 34 26
4 1 1 2 5 6 3 2 1 6 8
22 22 3 35 Inf 37 13 10 9 25 6
10 5 19 11 1 Inf 15 14 14 3 3
25 4 44 36 Inf 25 7 6 19 23 4
1 2
1 3
1 4
1 5
1 6
1 7
2 15
3 13
3 24
4 8
4 14
4 16
5 12
5 15
6 9
6 10
6 11
6 13
9 20
9 24
10 18
12 19
13 22
15 17
15 20
15 23
16 21
16 26
17 30
18 26
18 30
20 27
21 33
24 25
25 28
25 30
25 33
25 34
26 31
26 32
26 41
27 29
27 35
27 36
31 37
31 39
32 44
32 45
33 41
35 38
35 42
36 40
36 43
39 51
40 46
42 47
43 48
43 50
46 51
46 48
47 49
47 50
47 52
47 53
49 59
49 61
49 62
50 54
50 55
50 60
50 62
52 56
52 57
53 58
55 63
58 65
59 64
59 66
62 67
66 68
68 69
68 70
68 71
68 72
68 73
68 74
68 75
-1 -1
