75
23 43 Inf 2 Inf 42 2 Inf 6 6 7
24 4 3 12 27 3 3 15 13 12 23
25 27 19 27 3 36 7 5 39 13 Inf
26 5 20 8 19 13 6 10 14 30 4
23 39 16 30 38 41 33 16 19 24 35
22 9 40 39 32 17 30 Inf 8 6 24
6 2 8 3 10 3 5 11 4 9 3
22 15 12 5 35 Inf 1 11 16 25 Inf
23 12 21 39 5 3 6 2 7 27 34
21 40 4 4 31 9 7 13 35 22 37
22 8 14 24 43 13 Inf 29 40 17 15
15 13 19 29 8 25 29 10 Inf Inf 24
5 3 7 4 6 1 1 10 Inf 8 Inf
23 28 37 9 5 3 Inf Inf 41 31 30
4 4 5 2 6 7 5 2 7 2 6
26 8 15 8 21 6 33 13 41 33 31
21 Inf 2 1 21 22 5 16 21 31 26
5 3 6 9 10 2 Inf 1 6 6 3
24 4 15 38 Inf 17 44 12 4 Inf 45
25 29 42 25 13 Inf 20 24 2 41 49
26 44 43 11 35 2 11 37 15 33 6
26 13 Inf 50 10 35 29 32 24 45 11
24 40 28 12 2 25 6 23 18 39 Inf
27 48 37 5 19 31 Inf 26 21 53 3
20 10 28 15 11 25 8 24 2 13 Inf
23 19 37 20 Inf 43 Inf 3 Inf 39 7
25 41 47 22 Inf 47 7 Inf 10 44 9
13 3 10 23 Inf 13 13 18 22 6 Inf
3 Inf 5 4 4 1 Inf 4 6 Inf 3
11 20 14 6 20 22 1 Inf 6 5 22
21 7 31 36 35 Inf 23 42 22 10 22
22 15 7 13 Inf 27 24 14 27 5 11
21 Inf 32 2 10 32 20 35 Inf 33 18
22 27 16 11 19 17 33 33 30 8 44
25 8 10 Inf Inf 38 17 38 24 41 36
8 14 15 6 3 Inf 7 1 8 8 9
22 8 18 9 36 17 31 Inf 42 39 41
24 20 47 Inf 25 32 32 43 Inf 27 21
22 8 3 21 12 12 37 1 13 5 38
21 33 9 5 31 40 12 10 38 40 Inf
6 Inf 7 9 5 8 3 4 11 7 10
26 18 7 17 51 32 43 31 40 22 5
22 1 28 43 22 Inf 41 44 11 31 10
6 8 6 5 2 2 Inf 12 11 8 10
21 25 9 23 38 36 42 16 29 24 7
25 15 47 6 2 33 28 28 Inf 17 18
11 18 13 4 6 10 16 11 17 22 Inf
22 25 13 Inf 30 42 9 30 33 31 13
21 11 Inf 23 24 17 36 Inf 26 7 34
25 Inf 7 Inf 28 12 8 10 28 16 47
22 4 38 40 23 24 6 1 Inf 37 4
22 40 33 15 14 Inf Inf 40 Inf 4 4
23 13 13 37 35 2 18 4 18 29 10
22 37 34 31 22 1 5 29 15 2 Inf
22 38 1 10 2 43 1 22 9 17 22
25 48 48 27 21 26 9 5 Inf 19 11
23 Inf 45 Inf 12 2 Inf 25 19 Inf 30
21 40 15 31 11 Inf 31 Inf 25 Inf 35
22 19 15 20 27 32 6 Inf 26 10 12
22 15 37 14 Inf 23 Inf 2 28 14 4
22 3 4 Inf 12 31 Inf 37 24 42 25
22 38 7 35 37 6 Inf 27 26 30 10
21 40 36 29 41 21 Inf 27 1 2 Inf
27 Inf 12 32 1 4 Inf 2 10 7 Inf
23 5 16 36 Inf 38 29 Inf 27 Inf 17
2 Inf 1 4 4 1 4 Inf 1 4 2
26 6 13 26 38 27 39 42 3 52 32
25 Inf 44 30 37 37 41 10 26 38 28
24 14 17 4 31 Inf 47 Inf 32 30 28
22 32 29 27 28 5 31 1 5 17 9
24 28 19 12 46 31 7 45 36 Inf Inf
4 Inf 1 Inf 8 6 5 8 7 7 4
22 10 42 19 24 20 11 31 Inf Inf 18
10 Inf 11 1 12 7 11 17 2 9 7
25 42 3 33 4 8 29 49 17 40 Inf
1 2
1 3
1 4
1 5
1 6
1 7
2 15
3 13
3 24
4 8
4 14
4 16
5 12
5 15
6 9
6 10
6 11
6 13
9 20
9 24
10 18
12 19
13 22
15 17
15 20
15 23
16 21
16 26
17 30
18 26
18 30
20 27
21 33
24 25
25 28
25 30
25 33
25 34
26 31
26 32
26 41
27 29
27 35
27 36
31 37
31 39
32 44
32 45
33 41
35 38
35 42
36 40
36 43
39 51
40 46
42 47
43 48
43 50
46 51
46 48
47 49
47 50
47 52
47 53
49 59
49 61
49 62
50 54
50 55
50 60
50 62
52 56
52 57
53 58
55 63
58 65
59 64
59 66
62 67
66 68
68 69
68 70
68 71
68 72
68 73
68 74
68 75
-1 -1
