75
23 40 2 8 43 11 12 40 41 1 15
24 42 47 29 27 30 Inf 20 Inf 30 13
25 13 34 21 21 50 14 34 16 19 2
26 37 31 38 2 51 15 41 39 2 3
23 36 1 45 28 Inf 2 15 37 Inf 12
22 26 Inf 19 24 35 37 33 Inf 11 14
6 10 12 11 2 9 2 1 10 6 4
22 2 20 33 8 15 41 32 13 43 14
23 1 11 20 29 22 2 1 4 24 Inf
21 Inf 21 11 30 27 1 7 22 9 13
22 9 24 11 20 26 10 35 Inf 29 1
15 30 16 2 26 1 22 29 4 Inf 3
5 1 7 7 4 4 1 1 4 7 5
23 1 38 34 38 20 1 16 34 1 38
4 2 3 8 2 6 4 6 2 3 4
26 17 47 24 38 44 14 28 Inf Inf 28
21 Inf 25 23 26 16 33 3 35 19 6
5 1 8 Inf 6 10 8 6 8 Inf Inf
24 35 11 37 2 36 Inf 2 43 38 34
25 35 36 Inf 24 33 Inf 9 Inf Inf 40
26 11 25 34 Inf 1 11 12 44 9 47
26 13 35 3 15 24 21 11 13 15 Inf
24 37 4 16 40 12 2 7 38 1 42
27 Inf 21 1 54 14 34 Inf 48 8 2
20 26 2 Inf 33 8 28 Inf 4 Inf 14
23 30 30 29 17 39 22 26 12 7 22
25 36 49 32 25 11 38 Inf Inf Inf 34
13 13 Inf 12 Inf 3 14 23 26 10 26
3 1 6 4 4 Inf 1 6 6 Inf 1
11 11 Inf Inf 22 12 3 15 3 Inf 19
21 42 2 Inf Inf 3 10 10 24 27 39
22 43 8 Inf 11 4 43 38 Inf 1 25
21 2 13 30 13 35 Inf 11 Inf 39 20
22 36 34 Inf Inf 21 Inf Inf Inf Inf 5
25 50 18 11 6 13 36 13 46 3 Inf
8 1 9 2 1 3 12 Inf 3 4 11
22 19 32 30 32 32 20 5 16 Inf 34
24 14 10 38 2 27 38 Inf 22 Inf 9
22 8 33 10 29 13 16 9 Inf 34 27
21 32 9 9 Inf 30 15 17 1 9 2
6 1 6 6 9 3 2 Inf 3 12 8
26 30 36 8 7 40 7 10 19 6 34
22 6 39 44 11 31 Inf 11 6 Inf Inf
6 Inf 4 3 9 8 1 1 9 12 8
21 8 32 Inf 24 25 30 35 42 15 8
25 4 37 Inf 28 37 42 46 36 23 49
11 4 16 2 8 16 6 3 6 4 3
22 27 23 42 29 14 1 Inf 4 5 44
21 38 37 2 10 42 11 26 23 35 11
25 31 19 39 29 38 21 43 29 Inf 48
22 2 Inf 12 29 21 39 Inf 1 Inf 23
22 36 22 16 13 Inf 23 Inf 3 19 20
23 44 10 9 45 34 21 33 8 33 Inf
22 Inf 34 40 20 35 42 9 12 Inf 28
22 22 20 28 18 16 3 26 24 35 7
25 17 40 10 8 11 Inf 28 28 5 20
23 1 17 22 10 40 Inf 8 23 25 28
21 1 Inf 26 37 1 36 8 Inf 34 7
22 41 37 40 43 4 24 6 Inf 10 31
22 24 33 44 6 28 34 6 25 34 21
22 6 10 38 18 21 41 17 24 9 29
22 9 Inf Inf 10 1 42 37 27 42 28
21 35 25 17 20 30 14 15 8 34 8
27 30 37 23 9 36 33 50 47 12 17
23 31 32 14 37 6 21 22 Inf 12 7
2 1 2 1 2 3 2 3 1 3 4
26 44 31 17 Inf 5 16 40 34 13 17
25 33 5 11 23 10 6 Inf 31 8 47
24 34 18 Inf 39 1 38 43 28 28 24
22 29 30 15 31 28 38 24 39 41 16
24 37 18 21 24 Inf 11 3 23 15 15
4 8 3 3 1 2 6 2 8 5 8
22 2 1 12 19 34 28 1 37 8 1
10 Inf 19 1 8 20 1 7 Inf 13 6
25 48 9 Inf 23 30 48 1 31 8 16
1 2
1 3
1 4
1 5
1 6
1 7
2 15
3 13
3 24
4 8
4 14
4 16
5 12
5 15
6 9
6 10
6 11
6 13
9 20
9 24
10 18
12 19
13 22
15 17
15 20
15 23
16 21
16 26
17 30
18 26
18 30
20 27
21 33
24 25
25 28
25 30
25 33
25 34
26 31
26 32
26 41
27 29
27 35
27 36
31 37
31 39
32 44
32 45
33 41
35 38
35 42
36 40
36 43
39 51
40 46
42 47
43 48
43 50
46 51
46 48
47 49
47 50
47 52
47 53
49 59
49 61
49 62
50 54
50 55
50 60
50 62
52 56
52 57
53 58
55 63
58 65
59 64
59 66
62 67
66 68
68 69
68 70
68 71
68 72
68 73
68 74
68 75
-1 -1
