75
23 41 19 1 17 14 23 33 7 46 35
24 Inf 11 21 47 28 Inf 35 Inf 25 6
25 28 24 9 Inf 25 1 Inf 15 45 5
26 51 21 16 31 41 33 9 52 33 6
23 30 15 12 4 Inf Inf 35 28 7 Inf
22 27 18 37 12 13 Inf 2 43 38 4
6 5 5 12 7 6 3 1 12 9 Inf
22 Inf 43 19 36 36 31 28 33 17 12
23 Inf 3 28 5 19 32 10 5 2 Inf
21 22 Inf 42 24 21 38 6 37 29 34
22 8 39 18 6 Inf 30 Inf 27 20 11
15 14 22 14 Inf 5 4 8 Inf 21 Inf
5 2 10 Inf 6 4 7 4 4 Inf Inf
23 Inf 25 29 22 15 Inf 22 34 19 3
4 6 8 7 2 4 Inf 7 4 1 4
26 35 1 5 26 38 15 17 5 Inf 6
21 Inf 4 Inf 25 20 28 35 25 34 37
5 6 8 9 2 9 9 7 8 6 6
24 39 1 42 46 41 10 23 9 5 40
25 10 10 Inf 17 Inf 5 18 13 13 2
26 35 9 19 19 Inf Inf 2 37 3 29
26 Inf 22 22 50 52 13 47 48 50 17
24 17 12 30 28 8 36 47 36 46 33
27 34 8 37 6 39 17 11 48 Inf 9
20 17 35 10 29 27 10 12 6 30 15
23 26 18 9 Inf Inf 18 36 16 Inf 20
25 44 Inf 11 13 28 33 16 5 Inf 12
13 Inf 24 15 22 20 Inf 18 24 5 Inf
3 4 2 1 6 Inf 4 Inf 6 6 4
11 2 Inf 18 11 18 21 15 18 12 7
21 9 34 6 Inf 8 Inf 11 19 42 33
22 41 44 27 3 8 Inf 37 43 29 36
21 19 Inf 10 2 3 36 7 39 41 36
22 28 33 28 6 Inf 12 Inf 38 13 34
25 37 44 11 46 19 33 Inf 38 20 27
8 Inf 4 1 7 13 8 15 7 5 2
22 13 9 39 12 13 20 34 31 10 31
24 11 8 20 9 38 Inf 1 47 12 46
22 10 27 44 40 16 Inf 35 29 17 24
21 12 37 37 29 4 5 12 13 Inf 12
6 1 7 Inf 11 Inf 11 7 8 2 8
26 20 22 26 30 45 49 4 29 38 31
22 20 4 27 31 4 21 38 30 15 8
6 6 Inf 11 4 3 Inf 8 4 Inf 8
21 21 13 23 24 33 7 37 32 4 24
25 5 40 37 4 6 25 19 6 32 10
11 Inf 8 21 22 4 13 6 6 14 17
22 21 18 1 43 Inf 44 32 2 40 44
21 42 28 42 26 38 32 31 40 Inf 14
25 Inf 27 27 27 Inf 11 48 43 34 37
22 Inf 24 14 40 25 1 33 38 38 41
22 12 35 20 40 Inf 22 1 3 37 11
23 46 18 3 11 37 37 34 8 16 Inf
22 4 Inf Inf 25 19 7 Inf 18 10 32
22 31 11 8 23 1 31 41 Inf 26 1
25 32 Inf 20 36 3 20 4 43 48 1
23 21 14 6 6 34 4 19 18 36 4
21 38 13 10 Inf 8 36 17 3 10 23
22 30 36 43 28 13 38 Inf 24 1 1
22 4 12 2 25 23 41 11 8 29 26
22 Inf Inf 26 Inf 28 2 42 40 31 39
22 39 11 12 Inf 3 28 Inf 25 1 12
21 35 31 28 12 41 Inf 19 13 38 14
27 10 23 Inf 22 36 37 25 37 4 5
23 2 20 35 Inf 30 29 33 Inf 23 4
2 Inf 1 2 3 Inf 1 1 1 3 4
26 Inf 8 19 11 24 Inf 24 12 35 41
25 Inf 2 29 Inf 12 43 40 Inf 22 17
24 9 41 37 17 Inf Inf 32 Inf 48 13
22 10 4 Inf 4 Inf 39 16 43 17 Inf
24 3 40 10 9 45 11 10 15 38 19
4 Inf 6 6 6 7 1 2 4 2 2
22 32 6 Inf 30 41 13 3 33 30 39
10 4 11 20 10 14 17 15 13 2 3
25 6 Inf 17 23 27 25 Inf 37 38 45
1 2
1 3
1 4
1 5
1 6
1 7
2 15
3 13
3 24
4 8
4 14
4 16
5 12
5 15
6 9
6 10
6 11
6 13
9 20
9 24
10 18
12 19
13 22
15 17
15 20
15 23
16 21
16 26
17 30
18 26
18 30
20 27
21 33
24 25
25 28
25 30
25 33
25 34
26 31
26 32
26 41
27 29
27 35
27 36
31 37
31 39
32 44
32 45
33 41
35 38
35 42
36 40
36 43
39 51
40 46
42 47
43 48
43 50
46 51
46 48
47 49
47 50
47 52
47 53
49 59
49 61
49 62
50 54
50 55
50 60
50 62
52 56
52 57
53 58
55 63
58 65
59 64
59 66
62 67
66 68
68 69
68 70
68 71
68 72
68 73
68 74
68 75
-1 -1
