75
23 43 37 5 31 40 10 37 32 46 22
24 39 34 7 2 29 47 14 11 Inf Inf
25 12 42 29 5 Inf 26 Inf 32 10 9
26 27 49 21 Inf 3 25 41 14 28 36
23 10 3 2 24 20 3 24 11 17 Inf
22 Inf 17 12 Inf 5 23 40 30 14 33
6 10 11 9 10 11 4 7 10 5 3
22 28 9 34 Inf 25 Inf Inf 13 25 21
23 2 6 14 41 29 11 29 17 Inf 6
21 27 37 20 2 22 Inf 14 13 2 6
22 1 4 23 18 25 35 6 42 11 Inf
15 13 4 13 13 20 24 20 23 16 4
5 5 6 4 3 3 9 7 4 9 1
23 19 25 24 2 20 Inf 16 30 Inf 11
4 2 5 7 8 Inf 2 2 3 3 5
26 21 41 33 Inf 32 20 42 9 9 26
21 10 9 40 3 26 7 3 Inf 3 35
5 8 Inf 10 3 9 Inf 2 7 8 1
24 30 16 46 13 30 38 17 47 13 39
25 6 28 29 47 12 8 13 27 33 14
26 23 40 25 10 13 51 34 42 38 39
26 5 19 Inf 48 41 34 Inf 11 27 18
24 24 31 15 38 28 Inf Inf 45 33 35
27 19 6 24 16 8 12 41 12 40 5
20 1 7 15 37 30 Inf 24 Inf 8 10
23 21 41 4 40 3 45 33 29 14 15
25 14 46 46 10 4 41 24 6 24 35
13 3 7 11 26 7 14 15 12 19 15
3 5 4 1 Inf 6 6 3 Inf Inf 5
11 22 5 7 2 6 16 22 14 10 21
21 Inf 20 41 2 12 42 Inf 12 6 41
22 16 1 39 14 29 8 24 21 9 42
21 Inf 42 6 12 27 8 18 16 41 Inf
22 9 31 36 20 7 18 8 40 8 Inf
25 Inf 33 30 Inf 9 33 50 31 26 27
8 7 13 9 15 3 Inf 1 8 5 16
22 39 38 26 13 39 Inf 1 9 3 1
24 8 18 8 Inf 33 37 32 5 26 25
22 12 31 7 3 31 19 37 29 32 Inf
21 13 3 34 12 20 Inf 3 20 Inf 42
6 1 10 2 11 2 4 5 9 9 11
26 35 7 27 25 25 19 33 39 Inf 42
22 16 41 43 31 17 9 18 33 30 Inf
6 10 11 Inf 8 Inf Inf 2 1 3 4
21 24 33 14 38 28 1 5 38 12 2
25 19 36 44 50 26 31 31 14 42 48
11 19 1 3 19 Inf 4 13 5 Inf 8
22 9 6 1 39 42 27 16 12 Inf 9
21 24 14 17 11 11 28 25 29 8 2
25 37 Inf 47 Inf 20 17 8 12 46 13
22 Inf Inf 16 Inf 13 33 39 Inf 34 Inf
22 11 34 21 44 38 5 20 4 Inf 27
23 5 44 26 13 14 18 19 16 8 Inf
22 31 12 Inf Inf 43 18 Inf 5 37 2
22 4 42 26 38 5 3 24 18 7 Inf
25 Inf 13 3 13 Inf 36 Inf 23 40 12
23 7 46 11 31 12 Inf Inf 37 12 5
21 Inf 31 9 20 19 41 21 18 23 3
22 24 26 4 Inf 1 8 Inf 14 44 25
22 19 1 7 8 32 23 32 Inf 39 36
22 13 10 18 16 16 32 44 29 11 37
22 29 32 28 6 9 44 30 21 10 18
21 21 18 8 5 Inf 31 9 Inf 3 21
27 26 17 43 Inf 6 5 21 8 50 6
23 39 45 45 13 Inf 26 12 Inf 15 Inf
2 2 4 Inf 1 3 1 2 2 Inf 2
26 14 49 6 35 30 28 11 40 28 35
25 17 9 47 2 14 31 Inf 7 28 Inf
24 16 Inf 48 35 Inf 23 33 1 6 6
22 19 Inf 13 11 23 Inf 25 39 5 25
24 18 34 27 38 24 12 46 45 25 24
4 2 6 1 3 2 Inf Inf 3 8 5
22 Inf 21 29 Inf 21 26 Inf 37 8 43
10 Inf 5 8 11 7 15 14 16 5 12
25 38 24 48 14 23 36 8 32 23 17
1 2
1 3
1 4
1 5
1 6
1 7
2 15
3 13
3 24
4 8
4 14
4 16
5 12
5 15
6 9
6 10
6 11
6 13
9 20
9 24
10 18
12 19
13 22
15 17
15 20
15 23
16 21
16 26
17 30
18 26
18 30
20 27
21 33
24 25
25 28
25 30
25 33
25 34
26 31
26 32
26 41
27 29
27 35
27 36
31 37
31 39
32 44
32 45
33 41
35 38
35 42
36 40
36 43
39 51
40 46
42 47
43 48
43 50
46 51
46 48
47 49
47 50
47 52
47 53
49 59
49 61
49 62
50 54
50 55
50 60
50 62
52 56
52 57
53 58
55 63
58 65
59 64
59 66
62 67
66 68
68 69
68 70
68 71
68 72
68 73
68 74
68 75
-1 -1
