75
23 Inf Inf 4 2 30 30 14 16 30 41
24 30 25 2 37 24 45 38 13 22 30
25 38 37 7 Inf 35 30 28 44 4 9
26 17 42 25 11 42 Inf 33 49 14 51
23 5 Inf 19 20 19 9 40 23 30 Inf
22 19 11 2 Inf 17 42 38 Inf 4 Inf
6 3 2 8 1 4 10 9 Inf Inf 7
22 7 Inf 21 25 16 17 Inf 30 18 Inf
23 12 41 7 26 Inf 42 19 29 Inf 17
21 39 30 24 35 12 24 8 26 30 41
22 10 15 20 27 22 18 44 13 6 Inf
15 2 28 21 1 6 2 8 Inf 15 1
5 2 7 Inf 7 Inf 1 4 9 2 3
23 5 24 38 27 11 7 8 28 37 26
4 5 Inf 8 8 4 5 5 2 7 3
26 14 4 13 13 7 17 49 50 16 25
21 42 26 32 13 7 16 29 10 4 29
5 7 7 10 9 3 Inf 1 7 5 Inf
24 7 37 35 37 37 16 9 35 46 33
25 5 44 Inf 45 31 31 5 Inf 44 34
26 11 3 48 26 51 52 49 9 8 10
26 39 Inf 7 43 40 15 40 Inf 32 42
24 48 10 Inf 25 15 10 10 45 37 2
27 1 50 17 42 16 26 Inf 13 49 46
20 Inf 16 6 38 Inf 17 6 37 6 7
23 5 40 6 Inf 40 22 25 9 25 1
25 15 4 23 4 10 2 10 1 Inf 14
13 8 24 18 13 3 21 26 Inf Inf 1
3 4 2 4 4 2 1 2 6 2 2
11 2 4 8 6 2 19 Inf 7 17 8
21 34 6 1 36 39 12 12 35 20 26
22 19 Inf 20 8 29 11 41 35 2 33
21 35 Inf 13 19 21 31 13 Inf 14 14
22 38 36 16 2 Inf 26 37 44 41 Inf
25 32 1 47 17 38 10 34 26 15 28
8 4 13 11 15 9 16 7 4 5 2
22 6 38 30 Inf 27 35 25 37 33 7
24 30 15 47 15 42 Inf 15 33 6 33
22 40 Inf 11 7 30 34 10 19 Inf Inf
21 35 6 32 Inf 17 20 17 Inf 37 10
6 2 1 8 6 Inf Inf 8 6 Inf 1
26 37 51 33 1 22 28 40 45 Inf 11
22 23 19 Inf Inf 24 20 5 Inf 10 38
6 1 7 2 1 11 2 7 9 5 2
21 39 23 Inf Inf 13 25 24 11 11 11
25 22 33 Inf Inf 3 17 35 50 Inf 47
11 15 4 19 9 5 3 12 3 17 8
22 3 4 8 22 32 6 3 42 28 43
21 12 10 1 11 Inf 12 13 3 1 40
25 2 19 Inf 30 30 26 35 9 Inf 38
22 5 Inf Inf 43 31 35 24 Inf 10 29
22 28 2 33 9 22 1 Inf 37 29 9
23 1 46 13 36 19 Inf 39 37 Inf 19
22 Inf 21 25 3 43 16 13 32 Inf 4
22 39 1 33 37 41 39 10 43 24 21
25 7 1 24 Inf 45 5 40 32 42 38
23 20 10 32 11 38 30 38 25 15 14
21 21 2 27 5 Inf 42 2 40 Inf 38
22 40 Inf 43 4 Inf 16 3 19 21 24
22 30 10 11 43 Inf 42 14 20 19 19
22 3 4 13 12 40 Inf 39 Inf 15 6
22 43 34 24 Inf 42 4 Inf 40 29 Inf
21 5 10 26 20 10 33 Inf 6 34 3
27 29 32 Inf 21 13 29 36 36 5 51
23 2 37 11 19 17 13 5 7 12 33
2 1 4 1 4 1 1 3 Inf 2 2
26 Inf 38 41 34 23 9 31 41 19 38
25 6 36 35 13 37 40 Inf 37 33 37
24 23 13 4 40 20 2 3 48 47 Inf
22 19 38 14 32 31 39 Inf 14 2 2
24 27 24 36 15 10 29 43 48 4 3
4 Inf 2 3 3 2 8 1 Inf Inf 4
22 5 Inf 2 23 11 26 29 9 25 24
10 Inf 16 2 5 2 20 18 18 10 9
25 25 49 4 2 Inf Inf 8 Inf 25 15
1 2
1 3
1 4
1 5
1 6
1 7
2 15
3 13
3 24
4 8
4 14
4 16
5 12
5 15
6 9
6 10
6 11
6 13
9 20
9 24
10 18
12 19
13 22
15 17
15 20
15 23
16 21
16 26
17 30
18 26
18 30
20 27
21 33
24 25
25 28
25 30
25 33
25 34
26 31
26 32
26 41
27 29
27 35
27 36
31 37
31 39
32 44
32 45
33 41
35 38
35 42
36 40
36 43
39 51
40 46
42 47
43 48
43 50
46 51
46 48
47 49
47 50
47 52
47 53
49 59
49 61
49 62
50 54
50 55
50 60
50 62
52 56
52 57
53 58
55 63
58 65
59 64
59 66
62 67
66 68
68 69
68 70
68 71
68 72
68 73
68 74
68 75
-1 -1
