75
23 22 26 6 38 7 23 42 39 43 42
24 6 35 Inf 24 6 2 2 Inf 8 Inf
25 14 24 Inf 32 11 1 5 39 Inf 13
26 18 6 10 34 52 17 30 22 10 26
23 Inf 41 29 26 Inf 18 43 32 Inf 22
22 Inf 12 44 Inf 23 16 36 9 20 18
6 11 2 8 12 4 3 Inf 3 12 7
22 5 Inf Inf 19 22 Inf Inf 34 28 2
23 14 15 16 38 6 13 Inf 45 8 Inf
21 28 17 Inf 9 32 18 1 31 18 36
22 7 42 36 40 27 20 11 34 34 44
15 3 2 20 30 30 2 29 Inf Inf 25
5 10 6 Inf Inf 7 Inf 7 7 6 1
23 37 7 9 46 1 21 22 11 14 21
4 1 8 8 6 2 2 8 3 6 5
26 17 Inf 5 12 21 42 12 9 24 42
21 1 Inf 1 32 10 Inf 26 42 5 29
5 9 3 8 8 2 6 7 10 Inf 6
24 17 4 32 Inf 11 Inf 45 7 Inf 6
25 Inf 19 Inf 30 21 38 11 4 18 5
26 41 4 23 49 2 12 9 19 5 33
26 31 23 36 31 49 Inf Inf 32 49 13
24 23 47 33 7 1 41 23 4 4 14
27 49 Inf 31 3 39 2 6 3 Inf 44
20 24 22 2 Inf 8 20 34 5 13 4
23 21 44 10 18 22 29 26 43 27 39
25 36 Inf Inf Inf 2 23 18 21 20 13
13 15 22 20 2 20 7 15 10 6 20
3 1 4 3 3 2 1 2 5 2 Inf
11 11 16 3 14 10 17 18 14 9 7
21 19 20 17 5 1 36 22 7 Inf 31
22 44 38 8 40 24 25 42 Inf 15 35
21 34 6 21 Inf 18 Inf 26 1 7 6
22 42 32 30 26 16 1 6 Inf 13 34
25 32 15 26 18 45 Inf 21 22 37 23
8 13 8 10 11 3 15 11 11 13 11
22 20 39 Inf 11 4 43 40 Inf 3 10
24 29 33 25 17 33 36 8 6 19 15
22 42 Inf 11 Inf 10 19 3 1 15 7
21 4 31 9 6 6 8 27 40 13 7
6 4 4 5 3 4 9 2 6 1 Inf
26 22 4 25 22 22 1 Inf 49 36 Inf
22 35 24 36 33 25 26 18 23 33 Inf
6 9 9 Inf 8 3 3 12 1 6 3
21 4 4 37 Inf Inf 26 Inf 8 36 5
25 22 36 9 40 12 13 Inf 36 5 6
11 15 4 16 4 14 14 6 22 18 11
22 11 44 44 Inf 30 37 3 25 2 41
21 42 4 1 26 7 17 19 Inf 34 9
25 7 48 7 33 Inf 12 6 19 27 28
22 36 Inf 34 1 Inf Inf 8 35 8 22
22 37 2 4 30 36 Inf Inf 12 34 26
23 3 29 32 Inf 4 43 7 36 19 36
22 Inf 15 30 2 2 29 2 20 15 34
22 44 22 Inf 12 23 8 12 2 39 15
25 2 9 Inf 42 42 17 13 32 14 14
23 39 11 35 13 10 44 12 13 Inf 16
21 21 6 37 15 Inf 7 12 27 4 25
22 33 18 34 40 Inf 39 19 32 14 4
22 16 39 35 35 39 5 37 22 33 Inf
22 37 Inf Inf 33 22 39 41 39 19 29
22 30 37 11 3 Inf 19 11 42 11 23
21 23 39 25 3 26 6 19 11 28 17
27 23 Inf 8 25 39 37 13 32 46 12
23 23 Inf 20 17 10 Inf 37 41 44 1
2 Inf 2 2 4 1 3 2 1 3 2
26 3 52 8 15 24 13 5 4 16 30
25 50 5 29 3 5 18 48 8 36 48
24 8 15 Inf 4 Inf Inf Inf 15 37 32
22 5 23 6 32 3 16 10 25 1 32
24 27 16 5 42 31 38 1 31 2 14
4 1 4 5 7 1 2 2 Inf 6 8
22 25 14 30 1 13 41 Inf 6 12 4
10 11 1 9 20 10 4 12 2 20 9
25 37 15 7 37 18 20 40 2 33 Inf
1 2
1 3
1 4
1 5
1 6
1 7
2 15
3 13
3 24
4 8
4 14
4 16
5 12
5 15
6 9
6 10
6 11
6 13
9 20
9 24
10 18
12 19
13 22
15 17
15 20
15 23
16 21
16 26
17 30
18 26
18 30
20 27
21 33
24 25
25 28
25 30
25 33
25 34
26 31
26 32
26 41
27 29
27 35
27 36
31 37
31 39
32 44
32 45
33 41
35 38
35 42
36 40
36 43
39 51
40 46
42 47
43 48
43 50
46 51
46 48
47 49
47 50
47 52
47 53
49 59
49 61
49 62
50 54
50 55
50 60
50 62
52 56
52 57
53 58
55 63
58 65
59 64
59 66
62 67
66 68
68 69
68 70
68 71
68 72
68 73
68 74
68 75
-1 -1
