75
23 6 Inf 23 7 12 1 Inf 18 7 23
24 24 20 11 1 1 15 16 18 3 22
25 Inf Inf 7 8 13 2 5 19 4 14
26 20 8 2 10 6 4 5 9 8 26
23 3 20 10 5 23 19 6 6 17 8
22 10 Inf 2 21 1 8 21 11 3 1
6 Inf 6 Inf 6 6 3 3 2 6 Inf
22 7 5 11 5 20 20 1 3 15 6
23 Inf 19 21 15 Inf 8 22 21 4 10
21 15 6 5 Inf 20 5 3 6 2 Inf
22 16 11 4 1 Inf 10 18 Inf 17 5
15 11 8 1 12 15 2 3 13 4 6
5 4 1 5 4 3 3 2 5 Inf 1
23 6 8 13 22 22 1 Inf 11 12 13
4 Inf 1 3 1 2 3 4 2 1 1
26 16 24 22 26 1 15 5 16 13 20
21 2 11 16 6 18 11 18 2 5 16
5 5 2 4 4 4 3 3 5 5 Inf
24 7 6 Inf 5 1 7 Inf 13 2 6
25 Inf 3 11 16 17 6 17 Inf 16 2
26 11 17 15 19 1 3 18 10 19 Inf
26 Inf 23 4 6 13 23 Inf 15 11 12
24 21 18 15 Inf 17 Inf 6 21 5 8
27 5 7 2 11 27 7 24 17 20 26
20 16 Inf 4 Inf 15 11 13 12 8 18
23 15 14 13 10 6 7 14 2 17 22
25 14 5 Inf 8 Inf 4 15 1 22 13
13 6 6 13 Inf 11 Inf 13 8 6 11
3 2 1 3 Inf Inf 1 Inf 1 3 1
11 1 10 2 9 1 10 7 4 2 2
21 10 12 9 Inf 14 21 20 10 17 2
22 4 Inf 4 4 17 20 6 7 20 16
21 3 15 3 10 12 19 1 15 3 1
22 21 1 11 20 4 17 14 13 11 9
25 25 7 25 18 6 2 18 2 Inf 1
8 5 2 2 2 3 Inf 4 1 1 6
22 9 3 21 15 21 18 1 12 5 2
24 4 2 10 3 8 21 12 5 18 2
22 4 5 8 Inf 21 14 Inf 16 2 19
21 17 5 5 17 13 2 21 3 17 2
6 6 Inf 1 4 2 5 Inf 3 1 2
26 10 8 14 Inf 17 17 Inf 22 1 22
22 4 11 14 19 20 10 6 11 18 8
6 Inf 6 Inf 2 1 1 Inf 3 5 2
21 19 Inf 18 8 16 18 13 19 19 5
25 1 23 4 8 20 Inf 11 14 15 11
11 11 10 5 6 4 5 Inf 1 7 1
22 7 6 11 17 12 7 Inf 12 14 19
21 12 Inf 5 14 11 12 13 3 3 Inf
25 Inf 16 2 11 12 10 3 Inf 12 6
22 3 16 21 11 20 22 18 11 20 5
22 Inf 11 13 Inf 4 11 16 12 11 Inf
23 16 3 2 1 20 17 7 13 19 6
22 21 11 4 15 4 Inf 18 7 1 3
22 8 12 4 13 16 5 11 9 7 17
25 8 23 18 4 Inf 17 10 16 9 3
23 6 Inf 21 10 11 19 11 3 Inf 23
21 5 18 11 13 11 3 1 Inf 18 19
22 7 13 1 22 22 4 5 18 10 14
22 7 20 3 14 3 Inf 3 10 1 18
22 22 17 3 4 8 Inf 3 19 16 Inf
22 2 9 5 Inf 10 11 17 Inf 5 4
21 17 14 13 18 19 12 Inf 16 20 10
27 27 16 19 24 18 26 Inf 7 15 12
23 Inf 22 13 13 3 21 2 3 Inf 14
2 Inf 2 2 1 2 Inf Inf 2 2 2
26 2 22 Inf 2 15 26 8 24 15 10
25 25 7 4 16 13 12 22 6 18 11
24 22 21 15 12 18 24 3 24 9 15
22 7 6 1 3 17 4 Inf 10 14 16
24 16 5 19 16 Inf 16 Inf 24 15 6
4 4 4 1 4 3 3 2 3 1 4
22 4 Inf Inf 16 4 16 10 13 Inf 4
10 5 6 1 8 8 7 9 Inf 7 5
25 2 11 13 2 23 2 11 5 13 19
1 2
1 3
1 4
1 5
1 6
1 7
2 15
3 13
3 24
4 8
4 14
4 16
5 12
5 15
6 9
6 10
6 11
6 13
9 20
9 24
10 18
12 19
13 22
15 17
15 20
15 23
16 21
16 26
17 30
18 26
18 30
20 27
21 33
24 25
25 28
25 30
25 33
25 34
26 31
26 32
26 41
27 29
27 35
27 36
31 37
31 39
32 44
32 45
33 41
35 38
35 42
36 40
36 43
39 51
40 46
42 47
43 48
43 50
46 51
46 48
47 49
47 50
47 52
47 53
49 59
49 61
49 62
50 54
50 55
50 60
50 62
52 56
52 57
53 58
55 63
58 65
59 64
59 66
62 67
66 68
68 69
68 70
68 71
68 72
68 73
68 74
68 75
-1 -1
