75
23 9 10 19 3 42 42 17 Inf 35 Inf
24 2 33 28 28 26 35 42 4 26 24
25 39 50 33 15 41 48 13 Inf Inf 5
26 16 42 28 46 20 35 25 16 15 8
23 36 41 16 2 24 13 Inf 11 Inf 3
22 33 38 31 4 15 27 31 18 8 12
6 12 4 3 4 11 6 2 1 6 3
22 27 10 1 15 41 15 14 5 27 8
23 1 16 38 31 40 34 Inf 2 40 44
21 5 31 20 9 39 29 28 4 10 Inf
22 24 Inf 34 15 2 4 26 40 Inf 3
15 28 Inf 17 13 7 25 30 21 30 Inf
5 7 5 8 Inf 1 Inf 6 Inf 9 3
23 38 23 12 25 4 44 5 16 25 12
4 3 Inf 1 1 4 1 Inf 7 4 4
26 Inf Inf Inf 35 13 Inf 12 4 42 8
21 Inf Inf 30 10 33 4 42 16 20 Inf
5 9 2 10 10 1 1 Inf 8 4 5
24 36 2 7 46 29 32 29 42 Inf Inf
25 16 11 40 13 16 40 8 11 Inf 3
26 6 41 35 Inf 50 9 21 52 36 39
26 23 33 10 26 43 13 Inf 42 28 15
24 4 Inf 18 4 11 37 46 13 4 2
27 6 20 18 7 22 Inf 23 34 47 51
20 29 19 29 35 34 31 4 22 Inf 24
23 10 40 44 Inf 31 44 9 34 Inf 1
25 31 15 6 49 Inf 44 12 Inf 48 44
13 14 17 16 20 12 25 21 11 9 26
3 2 4 1 4 5 5 6 1 5 1
11 22 16 14 Inf Inf 22 9 4 22 2
21 Inf Inf 37 30 15 33 21 Inf 32 25
22 44 5 31 34 15 8 38 Inf 2 2
21 35 27 17 28 Inf 38 6 35 Inf 13
22 3 14 12 34 21 38 44 4 2 11
25 43 24 39 25 8 Inf Inf Inf 40 46
8 2 15 11 10 12 Inf 14 2 15 2
22 44 Inf 26 Inf 28 16 35 11 Inf 17
24 Inf Inf 6 33 7 37 12 42 7 39
22 Inf 12 21 1 Inf 27 19 Inf 1 34
21 3 1 31 12 32 10 15 7 29 14
6 3 3 10 7 8 1 6 6 Inf 4
26 4 43 25 Inf Inf 5 Inf 22 2 20
22 7 15 35 38 27 13 28 Inf 18 15
6 8 12 4 9 10 6 2 1 3 8
21 Inf 25 Inf 12 7 16 40 15 12 25
25 Inf 15 30 40 46 5 15 24 34 50
11 Inf 21 10 20 6 18 Inf 9 5 1
22 3 18 27 9 Inf 22 Inf 31 Inf 3
21 7 21 21 38 10 23 24 15 4 12
25 36 23 22 42 17 49 39 Inf 39 19
22 6 16 42 7 1 17 5 16 17 34
22 39 17 18 5 4 24 40 13 36 Inf
23 10 6 43 5 33 5 8 33 Inf 24
22 37 21 Inf 28 Inf 26 27 22 4 8
22 Inf 39 12 19 36 24 9 39 Inf 32
25 19 15 48 38 33 Inf 45 9 34 Inf
23 2 21 13 2 7 4 17 7 Inf 45
21 11 23 6 1 Inf 12 11 12 36 12
22 Inf 36 15 33 12 40 6 14 3 24
22 7 7 24 Inf 39 27 35 11 33 Inf
22 5 7 19 2 6 35 11 25 44 33
22 35 4 13 Inf 36 23 33 12 5 43
21 19 39 4 20 5 Inf 9 33 32 Inf
27 23 2 34 15 14 47 19 10 27 9
23 36 41 33 33 1 33 42 Inf Inf Inf
2 2 3 2 3 4 2 1 1 1 2
26 8 22 41 41 19 47 9 38 11 3
25 Inf Inf 28 4 18 2 32 44 3 8
24 1 Inf 19 36 37 7 5 23 38 14
22 17 3 31 9 Inf 10 Inf 11 28 24
24 10 Inf 29 8 39 15 33 Inf Inf 26
4 3 1 3 4 8 4 6 4 8 6
22 Inf 44 14 13 23 33 10 Inf Inf 41
10 Inf 3 5 5 3 16 Inf 5 5 10
25 33 39 Inf 46 29 50 45 Inf 26 34
1 2
1 3
1 4
1 5
1 6
1 7
2 15
3 13
3 24
4 8
4 14
4 16
5 12
5 15
6 9
6 10
6 11
6 13
9 20
9 24
10 18
12 19
13 22
15 17
15 20
15 23
16 21
16 26
17 30
18 26
18 30
20 27
21 33
24 25
25 28
25 30
25 33
25 34
26 31
26 32
26 41
27 29
27 35
27 36
31 37
31 39
32 44
32 45
33 41
35 38
35 42
36 40
36 43
39 51
40 46
42 47
43 48
43 50
46 51
46 48
47 49
47 50
47 52
47 53
49 59
49 61
49 62
50 54
50 55
50 60
50 62
52 56
52 57
53 58
55 63
58 65
59 64
59 66
62 67
66 68
68 69
68 70
68 71
68 72
68 73
68 74
68 75
-1 -1
