75
23 Inf Inf 42 4 7 Inf Inf 35 40 26
24 45 41 29 43 15 6 29 20 7 37
25 9 Inf 26 31 36 1 21 43 18 26
26 7 44 39 8 10 47 7 33 3 15
23 9 41 29 Inf Inf 16 29 30 34 41
22 30 16 3 9 22 20 Inf 15 30 18
6 9 7 11 2 Inf 11 9 1 2 10
22 39 13 42 20 44 1 42 6 18 Inf
23 25 28 4 Inf Inf 16 41 Inf 30 34
21 3 19 35 36 42 1 29 1 10 41
22 Inf 23 42 26 Inf 24 43 3 44 36
15 2 27 20 26 10 15 Inf 29 11 22
5 5 9 2 4 2 2 10 Inf 1 9
23 3 10 20 27 10 18 40 2 11 45
4 1 3 1 2 1 3 1 3 1 1
26 51 17 3 5 Inf 47 41 29 35 29
21 1 18 39 7 35 32 4 23 Inf 19
5 6 Inf 8 7 7 3 6 5 8 3
24 44 10 Inf 47 9 41 Inf 37 42 39
25 2 7 Inf 17 8 21 20 48 1 33
26 16 37 38 7 11 Inf 16 6 15 8
26 6 Inf 13 Inf 24 7 36 27 41 23
24 27 34 42 Inf 45 39 38 6 6 Inf
27 37 9 15 Inf 45 Inf 29 12 37 19
20 17 11 11 36 27 Inf 33 19 Inf 19
23 Inf 28 45 Inf 32 8 23 45 39 31
25 20 Inf 25 20 Inf 16 36 49 Inf 22
13 20 24 14 2 Inf 7 9 7 26 26
3 Inf 1 2 1 2 1 Inf 4 6 1
11 Inf 9 20 19 13 Inf 21 3 9 13
21 11 5 40 19 1 24 17 Inf 11 29
22 9 4 17 37 14 5 35 4 16 Inf
21 1 15 Inf 39 32 12 11 9 Inf 12
22 1 8 38 Inf Inf 9 Inf 19 15 29
25 21 22 37 24 3 2 18 Inf 24 5
8 Inf 15 5 Inf 8 10 16 Inf 5 4
22 26 5 3 18 28 29 43 8 14 Inf
24 45 27 28 6 3 41 12 4 18 45
22 31 10 11 4 33 20 8 4 27 35
21 20 16 18 31 28 30 32 18 18 10
6 10 8 5 10 2 2 2 Inf 6 9
26 43 44 32 47 16 21 10 Inf 36 37
22 42 Inf 19 6 9 Inf Inf 19 44 33
6 4 2 Inf 9 Inf 3 3 Inf 3 5
21 32 26 Inf 1 2 9 40 Inf 5 35
25 8 8 Inf 8 30 24 30 4 48 25
11 21 19 17 8 22 7 17 13 Inf 6
22 27 39 Inf 39 5 43 20 28 22 18
21 16 4 10 29 9 15 17 10 22 Inf
25 1 2 7 Inf 26 15 32 2 Inf 27
22 12 Inf 31 8 41 25 33 16 9 24
22 42 Inf 7 40 26 2 Inf 32 13 38
23 Inf 7 43 35 12 Inf Inf 7 45 Inf
22 35 2 10 20 35 Inf 2 4 2 Inf
22 40 17 26 33 25 13 10 21 37 Inf
25 8 34 40 50 46 25 50 4 20 28
23 30 20 43 22 16 1 5 30 8 3
21 Inf 36 Inf 12 5 8 35 Inf 37 30
22 8 30 42 Inf 33 16 5 9 12 21
22 20 9 19 15 Inf 4 23 11 28 10
22 38 30 7 18 3 40 7 8 33 34
22 27 Inf Inf Inf 26 21 9 35 36 19
21 27 12 8 41 11 12 23 41 2 27
27 46 3 43 Inf 12 40 42 8 Inf 35
23 Inf 9 46 5 1 39 24 Inf 19 7
2 3 3 1 1 3 4 1 4 1 2
26 32 22 2 10 41 26 52 32 14 Inf
25 49 Inf Inf 7 26 27 45 20 7 Inf
24 1 20 24 18 8 7 36 18 Inf 21
22 1 43 1 28 17 Inf Inf 22 35 31
24 44 19 36 23 46 33 23 9 20 10
4 Inf 3 2 1 5 3 7 Inf Inf Inf
22 2 6 9 Inf 27 32 7 35 22 Inf
10 Inf 10 18 5 13 2 6 7 4 9
25 2 26 36 13 48 15 39 Inf Inf 33
1 2
1 3
1 4
1 5
1 6
1 7
2 15
3 13
3 24
4 8
4 14
4 16
5 12
5 15
6 9
6 10
6 11
6 13
9 20
9 24
10 18
12 19
13 22
15 17
15 20
15 23
16 21
16 26
17 30
18 26
18 30
20 27
21 33
24 25
25 28
25 30
25 33
25 34
26 31
26 32
26 41
27 29
27 35
27 36
31 37
31 39
32 44
32 45
33 41
35 38
35 42
36 40
36 43
39 51
40 46
42 47
43 48
43 50
46 51
46 48
47 49
47 50
47 52
47 53
49 59
49 61
49 62
50 54
50 55
50 60
50 62
52 56
52 57
53 58
55 63
58 65
59 64
59 66
62 67
66 68
68 69
68 70
68 71
68 72
68 73
68 74
68 75
-1 -1
