75
23 Inf 3 35 26 Inf 7 Inf 12 40 16
24 35 46 Inf 33 1 15 14 36 7 45
25 21 8 20 1 26 30 Inf 2 2 11
26 22 8 34 Inf 46 Inf 51 34 22 49
23 9 46 1 9 22 1 1 38 2 41
22 4 42 8 9 43 17 Inf 18 44 24
6 12 Inf 5 5 12 5 2 Inf 4 1
22 Inf 35 41 6 34 34 26 40 32 7
23 Inf 15 40 24 4 20 Inf 2 13 8
21 9 42 35 2 19 Inf 11 Inf 17 1
22 16 11 36 36 14 20 3 16 32 6
15 17 22 Inf 4 10 12 17 8 2 14
5 1 8 7 4 5 2 5 10 7 10
23 21 33 Inf 45 27 35 1 30 15 2
4 2 1 1 6 1 4 3 4 8 5
26 Inf Inf 6 14 28 52 3 3 14 17
21 32 19 24 12 38 8 20 25 6 19
5 4 9 9 5 Inf 7 10 2 5 1
24 17 3 33 14 12 4 39 48 13 11
25 8 3 32 13 6 Inf Inf 12 27 Inf
26 17 26 7 10 20 4 Inf 46 Inf 29
26 Inf 9 Inf 4 Inf 15 23 18 23 11
24 13 31 23 25 4 Inf 5 41 19 19
27 24 31 7 30 9 24 Inf Inf 35 39
20 39 Inf 16 Inf 14 14 6 34 24 9
23 26 20 38 21 Inf 14 45 19 10 4
25 30 1 13 23 38 13 8 31 Inf 8
13 8 1 Inf 4 Inf Inf 2 2 12 21
3 2 6 6 2 1 Inf 6 1 1 6
11 1 3 Inf 19 Inf 6 5 8 21 20
21 9 Inf Inf Inf 19 11 11 1 4 1
22 26 30 13 Inf 14 2 Inf 4 39 24
21 26 11 15 33 32 31 36 30 8 11
22 39 40 Inf 1 25 19 32 24 Inf Inf
25 27 20 31 16 11 25 18 43 43 1
8 3 3 1 5 13 8 3 7 6 2
22 34 Inf 17 4 35 21 32 36 26 10
24 34 42 6 1 16 25 25 27 16 12
22 16 17 28 22 21 Inf Inf 23 36 26
21 27 9 Inf Inf 24 32 8 26 9 1
6 9 Inf 7 10 6 1 7 11 10 11
26 42 29 16 21 16 Inf 1 9 30 29
22 Inf 8 32 42 9 16 34 16 30 20
6 3 5 12 Inf 3 6 3 8 1 2
21 20 17 15 25 19 29 18 40 11 23
25 34 8 43 28 Inf 20 5 13 Inf 13
11 6 3 17 3 18 Inf 22 1 13 6
22 4 43 43 42 11 Inf 40 Inf Inf 44
21 41 Inf 9 11 28 31 36 21 11 19
25 29 44 Inf 34 Inf 29 4 36 13 10
22 32 7 44 4 2 Inf 4 3 19 12
22 Inf 5 14 39 38 16 19 26 28 15
23 18 42 30 26 Inf 11 8 11 10 41
22 34 38 Inf 31 4 16 32 16 6 28
22 8 Inf 30 Inf 4 6 17 9 34 25
25 4 42 39 3 39 38 28 6 12 8
23 25 39 4 11 18 8 5 15 6 24
21 11 9 7 Inf 2 14 5 Inf 29 11
22 Inf 26 Inf 35 17 25 35 36 2 9
22 32 6 25 13 Inf 29 43 Inf Inf 36
22 Inf 12 32 11 11 37 14 Inf 10 19
22 3 34 4 17 Inf 7 44 20 Inf 18
21 26 32 34 38 3 42 39 28 Inf 26
27 Inf 6 9 38 47 40 49 54 10 3
23 26 35 30 33 34 25 37 45 46 5
2 1 2 4 Inf 3 2 1 1 2 2
26 17 15 21 45 49 39 25 43 42 3
25 Inf 44 44 34 36 4 Inf 6 18 Inf
24 Inf 13 24 33 21 11 9 13 Inf 25
22 Inf 40 7 38 20 33 4 10 40 34
24 22 2 45 4 4 24 46 7 41 20
4 1 8 Inf 3 2 Inf 8 7 Inf 6
22 Inf Inf 8 22 3 3 8 10 9 Inf
10 Inf 4 5 Inf 1 12 19 4 13 12
25 50 22 5 41 39 26 37 Inf 14 Inf
1 2
1 3
1 4
1 5
1 6
1 7
2 15
3 13
3 24
4 8
4 14
4 16
5 12
5 15
6 9
6 10
6 11
6 13
9 20
9 24
10 18
12 19
13 22
15 17
15 20
15 23
16 21
16 26
17 30
18 26
18 30
20 27
21 33
24 25
25 28
25 30
25 33
25 34
26 31
26 32
26 41
27 29
27 35
27 36
31 37
31 39
32 44
32 45
33 41
35 38
35 42
36 40
36 43
39 51
40 46
42 47
43 48
43 50
46 51
46 48
47 49
47 50
47 52
47 53
49 59
49 61
49 62
50 54
50 55
50 60
50 62
52 56
52 57
53 58
55 63
58 65
59 64
59 66
62 67
66 68
68 69
68 70
68 71
68 72
68 73
68 74
68 75
-1 -1
