75
23 46 3 19 45 14 38 Inf 19 39 22
24 3 46 Inf 8 17 7 11 30 15 44
25 43 46 32 5 23 9 15 14 39 Inf
26 3 24 10 50 28 14 35 41 15 6
23 27 31 33 31 7 1 23 37 36 20
22 13 4 10 15 30 38 5 44 43 3
6 Inf 9 12 11 4 Inf 4 8 7 2
22 5 43 4 Inf 43 28 25 14 6 12
23 19 46 33 15 4 43 29 28 Inf 34
21 1 34 10 18 33 29 Inf 21 28 6
22 43 16 30 6 32 44 7 2 35 Inf
15 21 Inf 30 7 4 5 23 25 30 2
5 8 10 10 3 9 8 10 7 9 3
23 19 9 12 15 35 34 22 23 2 7
4 8 5 6 3 5 6 8 5 Inf 3
26 Inf Inf 39 5 29 52 13 48 18 11
21 19 16 3 11 36 Inf 28 15 9 29
5 7 8 1 Inf 1 8 10 1 7 10
24 35 28 9 46 32 21 37 28 38 13
25 45 Inf 14 31 34 Inf 29 7 Inf Inf
26 22 3 20 4 9 51 Inf Inf 1 10
26 19 43 36 36 1 2 43 1 16 47
24 12 20 Inf 13 34 Inf 9 33 Inf 29
27 24 23 23 Inf 37 20 44 1 14 12
20 Inf 29 38 5 Inf 23 15 21 37 21
23 33 21 31 38 13 31 28 22 Inf 12
25 41 35 20 43 49 2 47 23 21 Inf
13 22 3 5 15 7 13 20 6 13 Inf
3 5 6 6 1 2 Inf Inf 4 3 4
11 5 22 14 18 Inf 7 10 17 20 6
21 39 21 41 8 9 28 Inf 8 24 16
22 36 44 39 19 21 18 24 15 40 3
21 38 13 1 30 40 5 20 5 22 17
22 27 Inf 43 3 6 32 29 13 7 11
25 30 Inf 30 2 24 5 29 48 Inf 26
8 7 4 9 Inf 1 13 Inf 13 11 4
22 26 5 18 10 3 Inf 22 12 7 15
24 35 Inf 7 32 1 35 44 22 38 37
22 Inf 10 Inf 9 22 27 40 34 Inf 24
21 36 Inf 17 18 4 8 24 16 2 4
6 4 2 7 9 8 7 8 9 3 10
26 38 14 7 6 25 52 44 4 29 19
22 27 12 19 Inf 24 40 19 16 10 10
6 12 9 4 Inf Inf 1 4 4 11 4
21 15 35 42 6 16 26 13 3 32 18
25 18 3 47 20 4 17 12 18 39 7
11 4 11 8 10 14 19 9 18 3 2
22 29 8 37 26 44 35 23 34 17 5
21 4 32 10 1 39 3 8 16 4 38
25 44 24 43 1 13 10 40 49 Inf 2
22 25 Inf 24 Inf Inf Inf 36 23 15 15
22 30 26 Inf 23 24 Inf 35 22 31 9
23 39 24 5 42 10 38 Inf 7 39 10
22 36 9 Inf 13 43 3 6 35 25 31
22 13 27 Inf 9 7 36 43 29 28 15
25 36 26 7 16 10 32 11 16 16 11
23 Inf 9 46 34 5 46 41 19 Inf 32
21 37 4 19 Inf 8 42 9 5 Inf 41
22 32 24 11 28 39 5 11 10 1 34
22 27 32 24 21 31 21 40 27 Inf Inf
22 33 15 27 1 10 3 42 35 Inf 34
22 30 12 Inf 21 27 Inf 22 8 44 Inf
21 2 34 38 37 4 40 1 7 39 13
27 26 Inf 1 39 19 Inf 38 53 37 37
23 5 11 11 2 19 17 24 Inf 31 41
2 1 Inf 4 1 3 3 1 4 3 4
26 8 7 45 12 40 30 1 18 1 12
25 35 Inf 24 46 39 Inf Inf 31 18 35
24 39 13 36 7 16 17 13 48 17 47
22 1 Inf 1 1 5 11 20 7 19 5
24 39 9 31 7 4 33 17 Inf 28 20
4 1 5 5 6 5 8 2 3 2 2
22 23 33 40 Inf Inf 1 22 5 37 42
10 5 5 19 5 9 13 9 4 4 17
25 23 45 41 32 8 18 17 33 25 Inf
1 2
1 3
1 4
1 5
1 6
1 7
2 15
3 13
3 24
4 8
4 14
4 16
5 12
5 15
6 9
6 10
6 11
6 13
9 20
9 24
10 18
12 19
13 22
15 17
15 20
15 23
16 21
16 26
17 30
18 26
18 30
20 27
21 33
24 25
25 28
25 30
25 33
25 34
26 31
26 32
26 41
27 29
27 35
27 36
31 37
31 39
32 44
32 45
33 41
35 38
35 42
36 40
36 43
39 51
40 46
42 47
43 48
43 50
46 51
46 48
47 49
47 50
47 52
47 53
49 59
49 61
49 62
50 54
50 55
50 60
50 62
52 56
52 57
53 58
55 63
58 65
59 64
59 66
62 67
66 68
68 69
68 70
68 71
68 72
68 73
68 74
68 75
-1 -1
