75
23 45 43 29 4 21 9 4 1 Inf 39
24 28 11 1 36 37 38 45 38 13 10
25 5 36 13 26 11 49 37 8 6 1
26 11 34 12 13 13 1 2 25 51 19
23 6 23 46 13 44 1 20 11 Inf 1
22 5 10 37 29 32 Inf 41 10 8 Inf
6 9 4 Inf Inf 10 8 9 Inf 6 9
22 7 43 23 29 11 11 25 4 13 42
23 37 5 46 46 42 22 6 17 32 Inf
21 30 37 27 41 7 6 35 29 25 11
22 16 20 13 Inf 32 Inf 29 1 24 1
15 16 Inf 20 13 5 28 Inf 17 17 27
5 9 2 2 5 3 1 3 Inf 4 7
23 12 34 34 Inf 30 34 30 28 28 33
4 6 1 4 1 1 Inf Inf 2 6 4
26 12 41 3 45 32 46 Inf 45 38 Inf
21 38 32 40 Inf 21 17 Inf 5 4 2
5 2 10 10 1 2 3 10 9 10 1
24 21 40 45 8 1 34 3 2 Inf Inf
25 Inf 10 7 15 Inf 41 Inf 22 29 36
26 51 35 49 20 44 Inf 28 14 50 Inf
26 27 21 20 13 12 11 8 27 41 20
24 37 27 43 19 12 40 32 42 43 Inf
27 Inf 28 43 6 44 6 Inf 13 29 28
20 1 Inf 20 39 31 Inf Inf 14 32 30
23 30 5 23 8 21 Inf 18 40 27 Inf
25 Inf 31 46 Inf 2 3 34 Inf 33 42
13 25 18 9 7 1 6 11 23 5 20
3 2 4 6 5 Inf 1 1 Inf 6 3
11 2 6 5 13 1 10 14 4 1 Inf
21 Inf 4 8 36 11 30 10 Inf 21 13
22 38 26 Inf 43 3 33 27 20 18 8
21 Inf Inf 4 14 9 4 18 23 4 8
22 38 Inf 38 6 16 31 32 42 Inf 32
25 32 10 24 Inf 40 49 36 1 40 29
8 Inf 3 13 3 10 15 2 Inf 8 2
22 Inf Inf 8 24 29 41 26 4 Inf 17
24 23 10 14 32 39 Inf 14 18 33 20
22 3 Inf 18 1 8 9 9 1 7 8
21 33 40 9 34 5 30 34 9 10 9
6 12 10 1 1 1 7 2 1 6 Inf
26 47 22 10 42 14 40 20 5 11 43
22 1 15 19 22 15 Inf 13 28 11 28
6 9 11 8 7 8 5 10 3 7 Inf
21 36 5 23 39 33 40 Inf 32 Inf 38
25 14 16 47 10 50 19 36 2 42 Inf
11 5 21 3 19 21 17 Inf 13 16 5
22 8 Inf 10 20 36 5 15 28 15 36
21 Inf 15 15 42 Inf 25 25 36 24 14
25 2 Inf 48 Inf 14 9 7 36 13 25
22 12 Inf 41 7 30 8 Inf 32 41 3
22 32 Inf 35 12 30 24 33 44 35 41
23 Inf Inf Inf Inf 33 4 7 12 41 46
22 4 Inf 9 Inf 13 43 7 23 Inf 18
22 39 4 9 21 3 29 29 9 12 Inf
25 49 29 40 28 Inf 43 36 30 15 1
23 Inf 12 Inf 33 23 27 2 27 2 Inf
21 25 25 29 Inf 1 Inf 3 1 21 39
22 20 40 Inf 33 8 24 21 13 22 35
22 16 15 Inf 11 11 11 35 Inf 21 10
22 Inf 36 41 23 43 13 Inf 7 12 Inf
22 8 10 32 32 2 33 7 Inf 2 23
21 11 32 20 23 5 17 36 19 42 Inf
27 3 53 Inf 27 50 17 13 53 14 3
23 16 29 29 23 Inf 44 27 11 10 Inf
2 1 Inf 4 1 3 3 2 2 Inf 1
26 11 2 10 33 35 Inf 44 Inf Inf Inf
25 4 35 25 21 28 14 28 24 37 13
24 43 13 13 46 43 27 26 23 33 5
22 4 10 29 26 Inf 2 5 41 11 41
24 10 33 46 1 21 Inf 42 23 17 13
4 3 Inf 1 5 4 8 5 2 8 6
22 40 36 31 40 Inf 2 18 29 15 Inf
10 13 17 1 4 17 11 13 16 12 13
25 13 20 Inf 2 26 32 Inf 47 6 4
1 2
1 3
1 4
1 5
1 6
1 7
2 15
3 13
3 24
4 8
4 14
4 16
5 12
5 15
6 9
6 10
6 11
6 13
9 20
9 24
10 18
12 19
13 22
15 17
15 20
15 23
16 21
16 26
17 30
18 26
18 30
20 27
21 33
24 25
25 28
25 30
25 33
25 34
26 31
26 32
26 41
27 29
27 35
27 36
31 37
31 39
32 44
32 45
33 41
35 38
35 42
36 40
36 43
39 51
40 46
42 47
43 48
43 50
46 51
46 48
47 49
47 50
47 52
47 53
49 59
49 61
49 62
50 54
50 55
50 60
50 62
52 56
52 57
53 58
55 63
58 65
59 64
59 66
62 67
66 68
68 69
68 70
68 71
68 72
68 73
68 74
68 75
-1 -1
