75
23 9 30 25 Inf 20 Inf 17 5 5 28
24 8 9 Inf 17 2 1 28 40 8 43
25 31 9 31 32 35 12 10 5 Inf 9
26 48 Inf 43 41 29 1 37 3 Inf 2
23 Inf 18 27 Inf Inf 13 29 1 Inf 35
22 25 Inf 42 26 1 2 25 Inf 27 40
6 2 3 2 11 9 3 7 8 Inf 1
22 Inf 22 1 5 41 22 30 9 Inf 5
23 Inf 42 23 33 22 38 Inf 41 7 25
21 9 20 6 22 42 Inf 12 34 3 1
22 1 Inf Inf Inf 6 11 9 1 26 16
15 28 5 23 24 14 7 29 4 4 23
5 2 4 Inf Inf 8 4 8 5 9 8
23 Inf 21 27 5 45 16 Inf 30 23 Inf
4 2 4 7 1 3 Inf 7 8 5 2
26 5 32 2 2 33 35 4 36 34 9
21 2 8 20 1 10 29 Inf 39 2 4
5 5 2 2 1 2 9 7 5 Inf 2
24 Inf 37 32 40 2 32 7 18 1 15
25 47 30 3 49 40 29 40 13 47 Inf
26 10 20 5 45 11 Inf Inf 17 8 38
26 7 23 9 15 Inf 46 Inf 8 14 Inf
24 3 9 6 39 7 14 39 34 23 48
27 5 40 Inf 2 27 2 2 14 22 27
20 Inf 11 38 33 Inf 11 37 Inf Inf 21
23 31 21 22 29 6 Inf 13 10 36 13
25 30 50 20 9 45 Inf 15 39 19 43
13 12 9 2 1 25 7 19 17 15 7
3 6 6 Inf 3 3 Inf 4 5 2 6
11 8 1 8 7 16 1 5 1 Inf 1
21 37 3 39 38 27 22 27 15 41 17
22 18 18 34 13 4 10 10 2 10 37
21 34 8 30 40 35 16 22 33 14 19
22 40 Inf 17 14 28 Inf Inf 16 17 2
25 26 Inf 12 29 31 34 25 13 28 1
8 13 9 7 Inf 4 Inf 4 5 11 7
22 6 18 35 26 Inf 25 27 5 Inf 4
24 20 23 31 45 Inf 39 27 7 44 17
22 40 15 Inf 7 36 7 Inf 37 16 8
21 21 38 Inf 2 9 36 14 9 39 33
6 5 8 5 4 12 8 4 8 3 8
26 24 Inf 12 34 6 40 3 1 6 12
22 9 6 31 10 33 37 7 40 5 22
6 8 9 11 Inf 2 5 6 1 10 8
21 26 19 42 3 25 12 26 31 24 5
25 15 Inf 3 30 47 29 16 45 13 46
11 3 7 11 3 5 3 2 15 3 17
22 25 24 17 Inf 4 2 17 29 28 35
21 7 6 16 18 15 11 4 1 8 19
25 34 48 27 20 8 15 10 30 Inf 38
22 7 7 Inf 42 39 4 13 2 42 4
22 42 26 23 7 Inf 42 20 42 14 Inf
23 13 Inf 3 31 12 17 37 46 39 18
22 32 38 41 42 24 4 8 Inf 15 41
22 5 24 12 6 32 28 14 27 Inf Inf
25 37 5 36 32 5 21 39 1 41 23
23 1 35 12 38 20 30 20 27 40 9
21 8 21 31 3 15 24 39 8 28 5
22 33 9 Inf Inf 31 14 19 4 30 8
22 Inf 41 43 Inf 6 15 Inf 30 22 18
22 13 31 2 13 44 16 9 7 22 42
22 31 8 41 Inf 3 35 4 11 33 22
21 9 5 14 Inf 3 14 5 Inf 10 14
27 32 Inf 44 22 36 21 34 40 16 1
23 25 26 1 12 22 43 13 13 15 33
2 1 1 2 1 2 1 1 3 Inf Inf
26 46 14 28 27 38 Inf 52 41 46 32
25 31 Inf 8 9 27 4 42 44 36 47
24 Inf 22 32 7 22 22 17 7 30 Inf
22 1 1 16 32 Inf 17 Inf 28 24 17
24 12 28 18 12 37 21 7 3 26 3
4 6 2 1 5 5 3 Inf 8 3 7
22 Inf 12 37 Inf Inf 28 Inf 1 10 4
10 10 13 3 1 Inf 15 15 10 4 Inf
25 16 49 7 44 Inf 45 Inf 16 29 27
1 2
1 3
1 4
1 5
1 6
1 7
2 15
3 13
3 24
4 8
4 14
4 16
5 12
5 15
6 9
6 10
6 11
6 13
9 20
9 24
10 18
12 19
13 22
15 17
15 20
15 23
16 21
16 26
17 30
18 26
18 30
20 27
21 33
24 25
25 28
25 30
25 33
25 34
26 31
26 32
26 41
27 29
27 35
27 36
31 37
31 39
32 44
32 45
33 41
35 38
35 42
36 40
36 43
39 51
40 46
42 47
43 48
43 50
46 51
46 48
47 49
47 50
47 52
47 53
49 59
49 61
49 62
50 54
50 55
50 60
50 62
52 56
52 57
53 58
55 63
58 65
59 64
59 66
62 67
66 68
68 69
68 70
68 71
68 72
68 73
68 74
68 75
-1 -1
