75
23 1 40 6 10 25 27 22 25 19 21
24 Inf 46 18 21 6 17 2 26 44 45
25 15 2 1 34 7 5 41 47 22 22
26 30 40 46 38 11 19 25 10 52 6
23 41 Inf 21 9 16 Inf Inf 7 20 19
22 42 11 17 9 3 41 11 41 31 8
6 6 12 9 2 7 12 4 10 3 1
22 40 27 17 28 39 4 30 2 19 4
23 Inf 2 Inf 21 Inf 6 25 Inf 7 23
21 6 13 1 Inf 25 34 9 20 6 34
22 3 1 24 41 11 30 21 2 35 40
15 Inf 8 7 26 15 18 15 10 12 7
5 2 7 10 3 4 1 8 1 9 Inf
23 18 Inf 26 14 34 17 16 11 7 Inf
4 Inf 3 8 Inf 3 5 7 Inf 6 6
26 49 4 Inf 24 Inf 5 21 Inf 21 Inf
21 22 30 1 42 4 37 24 Inf 8 Inf
5 10 5 Inf 3 5 4 9 1 4 4
24 35 40 18 29 43 16 43 31 1 10
25 21 47 Inf 45 45 16 7 31 17 8
26 47 32 27 10 21 2 22 11 41 30
26 13 21 4 3 43 7 44 7 19 39
24 29 12 4 36 47 21 Inf 5 5 23
27 50 Inf 15 15 49 8 43 38 29 19
20 4 25 25 13 17 Inf 17 6 21 25
23 38 39 7 44 9 18 13 9 36 40
25 24 Inf 17 46 24 30 37 34 32 31
13 22 3 7 1 13 2 23 2 15 12
3 6 2 6 1 3 4 2 2 2 5
11 20 5 21 17 Inf 3 7 7 2 21
21 6 Inf 31 6 1 5 27 22 26 2
22 5 Inf 11 Inf 7 Inf 1 31 40 7
21 24 5 1 41 18 29 34 Inf 12 9
22 11 33 3 12 25 35 16 43 Inf 13
25 36 Inf 11 40 16 34 32 40 34 50
8 6 15 Inf 10 Inf 13 14 10 Inf 3
22 24 Inf 6 44 Inf 16 Inf 20 36 39
24 Inf 5 Inf 9 14 18 Inf 21 10 29
22 19 42 6 12 2 34 4 4 21 26
21 6 12 39 15 24 42 28 28 41 Inf
6 8 12 11 Inf 5 3 6 12 8 9
26 4 39 Inf 36 6 26 13 32 48 Inf
22 29 4 Inf 19 23 6 37 Inf 2 19
6 4 Inf 9 3 4 12 2 Inf 11 8
21 38 6 16 19 41 Inf 32 40 36 9
25 50 17 Inf 20 19 20 44 2 Inf Inf
11 6 1 9 4 13 6 3 1 2 7
22 15 3 20 33 13 3 4 11 19 41
21 6 9 1 28 38 2 20 14 4 25
25 23 10 34 36 3 43 39 Inf 3 35
22 Inf 7 27 34 40 41 Inf 37 7 14
22 39 43 41 32 19 36 37 15 20 24
23 1 6 9 Inf 18 14 12 31 46 38
22 Inf Inf 33 Inf 23 24 10 25 Inf Inf
22 Inf 7 Inf 20 11 43 41 11 5 34
25 14 Inf 37 31 21 43 13 31 21 Inf
23 Inf 19 16 23 44 21 9 5 21 32
21 4 Inf 33 26 36 15 19 9 17 40
22 9 Inf 8 23 37 41 34 Inf 37 Inf
22 Inf 8 10 Inf 9 18 37 34 Inf 25
22 37 10 8 5 7 5 20 Inf 1 9
22 4 4 36 28 Inf 21 3 22 1 Inf
21 2 4 Inf 8 Inf 10 36 21 12 22
27 Inf 35 24 25 5 Inf 8 11 1 33
23 14 11 41 28 7 6 8 4 29 23
2 4 3 4 1 2 1 1 2 2 3
26 47 5 17 9 11 30 16 7 6 3
25 43 17 Inf 11 39 49 29 6 Inf 48
24 13 41 Inf 35 5 30 14 46 25 5
22 44 35 28 13 12 39 34 3 41 Inf
24 37 23 37 24 45 26 18 22 43 8
4 Inf 6 2 8 4 6 2 7 2 6
22 43 16 13 Inf 22 Inf Inf Inf 35 29
10 13 12 15 13 1 20 3 18 4 13
25 11 47 35 9 40 49 42 24 23 Inf
1 2
1 3
1 4
1 5
1 6
1 7
2 15
3 13
3 24
4 8
4 14
4 16
5 12
5 15
6 9
6 10
6 11
6 13
9 20
9 24
10 18
12 19
13 22
15 17
15 20
15 23
16 21
16 26
17 30
18 26
18 30
20 27
21 33
24 25
25 28
25 30
25 33
25 34
26 31
26 32
26 41
27 29
27 35
27 36
31 37
31 39
32 44
32 45
33 41
35 38
35 42
36 40
36 43
39 51
40 46
42 47
43 48
43 50
46 51
46 48
47 49
47 50
47 52
47 53
49 59
49 61
49 62
50 54
50 55
50 60
50 62
52 56
52 57
53 58
55 63
58 65
59 64
59 66
62 67
66 68
68 69
68 70
68 71
68 72
68 73
68 74
68 75
-1 -1
