75
23 11 1 19 23 4 26 Inf 12 Inf 27
24 30 Inf 3 Inf 23 31 7 Inf 47 1
25 41 3 15 Inf 7 22 16 16 19 16
26 16 3 Inf 38 15 Inf 5 5 22 50
23 8 19 22 16 41 Inf 27 18 Inf 1
22 24 22 23 40 11 12 33 28 12 9
6 1 11 2 4 12 9 11 2 10 Inf
22 20 38 Inf 35 7 17 9 6 35 31
23 Inf 33 42 12 10 19 27 5 25 36
21 1 9 28 35 12 26 25 35 5 2
22 11 Inf 42 17 34 25 8 Inf 35 Inf
15 Inf 30 13 22 24 Inf 26 Inf Inf 17
5 5 1 2 1 1 5 Inf 7 10 5
23 25 Inf 43 34 13 14 Inf 34 27 45
4 8 5 2 7 1 3 5 5 1 1
26 Inf 11 20 Inf 23 Inf 5 21 52 3
21 21 32 15 Inf 22 2 26 42 10 5
5 4 2 1 8 6 4 4 9 8 9
24 15 30 6 14 Inf Inf 1 Inf 30 Inf
25 16 Inf Inf 44 7 Inf 6 36 16 12
26 18 8 40 50 3 2 22 21 6 31
26 Inf 25 29 22 43 4 15 Inf 38 3
24 5 20 14 38 3 16 24 13 7 12
27 13 39 12 14 32 45 Inf 13 45 24
20 22 16 36 29 19 14 2 5 35 17
23 17 41 5 34 38 1 38 30 13 22
25 34 47 3 10 18 6 Inf 45 11 20
13 22 26 6 Inf 11 3 5 Inf 23 18
3 1 4 5 6 2 6 5 1 4 2
11 3 Inf 19 6 8 Inf 18 7 8 Inf
21 17 14 31 Inf 41 39 35 Inf 31 31
22 4 44 Inf 7 5 33 Inf Inf 6 30
21 2 23 7 31 Inf 22 3 23 33 5
22 28 Inf 3 25 Inf 42 2 43 41 11
25 48 18 12 47 18 23 Inf 3 Inf 14
8 1 1 8 3 12 3 6 Inf 9 14
22 16 35 Inf 21 8 41 35 27 44 6
24 Inf 38 6 32 46 8 17 19 20 3
22 31 12 11 34 2 3 41 28 9 7
21 38 23 42 27 17 Inf 5 7 1 33
6 5 8 5 3 7 3 Inf 7 6 7
26 4 5 11 21 47 7 4 Inf 9 52
22 19 Inf 11 41 22 Inf 32 41 2 6
6 Inf Inf 12 7 10 2 1 7 9 4
21 1 20 7 6 Inf 37 40 11 40 Inf
25 27 37 31 34 3 5 Inf 36 32 Inf
11 13 13 21 Inf 3 5 4 16 1 12
22 30 Inf 39 23 26 4 Inf 34 20 14
21 19 24 Inf 23 11 26 4 8 13 33
25 5 36 8 18 19 19 17 48 Inf 8
22 39 33 30 14 32 26 37 Inf 21 42
22 3 3 36 40 5 18 37 24 4 Inf
23 41 39 33 12 42 11 9 2 6 3
22 11 28 14 34 24 18 25 42 2 6
22 15 22 26 4 11 29 Inf 31 3 35
25 43 15 Inf 28 22 36 3 38 25 Inf
23 4 18 37 1 12 8 29 22 13 24
21 2 23 Inf 14 37 6 42 21 36 Inf
22 1 Inf 37 22 1 4 15 39 6 42
22 43 Inf 44 18 23 8 39 Inf 20 24
22 Inf 25 41 44 6 32 35 6 Inf 20
22 15 34 5 Inf 4 10 5 23 Inf 9
21 38 18 41 Inf 7 1 36 31 38 8
27 6 23 17 1 Inf 11 42 21 10 25
23 6 23 30 44 7 19 25 11 17 29
2 1 1 1 1 1 1 1 1 1 1
26 24 50 20 6 28 23 5 16 35 31
25 31 4 13 34 Inf Inf 6 1 3 10
24 5 10 18 10 13 37 15 3 18 46
22 20 39 36 42 30 6 8 7 1 43
24 27 14 13 46 16 46 34 9 Inf 12
4 1 5 3 3 3 4 Inf Inf 8 4
22 22 28 26 10 14 32 8 2 24 33
10 9 18 14 10 13 10 19 3 4 4
25 40 Inf 15 44 46 45 3 45 16 34
1 2
1 3
1 4
1 5
1 6
1 7
2 15
3 13
3 24
4 8
4 14
4 16
5 12
5 15
6 9
6 10
6 11
6 13
9 20
9 24
10 18
12 19
13 22
15 17
15 20
15 23
16 21
16 26
17 30
18 26
18 30
20 27
21 33
24 25
25 28
25 30
25 33
25 34
26 31
26 32
26 41
27 29
27 35
27 36
31 37
31 39
32 44
32 45
33 41
35 38
35 42
36 40
36 43
39 51
40 46
42 47
43 48
43 50
46 51
46 48
47 49
47 50
47 52
47 53
49 59
49 61
49 62
50 54
50 55
50 60
50 62
52 56
52 57
53 58
55 63
58 65
59 64
59 66
62 67
66 68
68 69
68 70
68 71
68 72
68 73
68 74
68 75
-1 -1
