75
23 16 20 4 43 13 3 34 40 39 38
24 12 6 8 44 22 7 44 28 Inf 18
25 45 16 15 Inf 41 Inf 27 1 Inf 24
26 Inf 29 Inf 5 30 Inf 10 49 8 48
23 28 1 14 27 35 34 39 26 29 43
22 Inf 24 13 7 7 7 39 Inf 41 Inf
6 2 4 Inf 7 Inf 4 11 Inf 1 4
22 17 Inf 7 6 27 32 1 14 6 17
23 32 13 24 25 31 3 34 26 Inf 34
21 35 29 23 18 28 Inf 37 41 41 31
22 31 34 32 30 43 23 7 Inf 15 23
15 14 6 27 6 10 22 29 4 6 7
5 2 Inf 8 3 Inf 3 7 Inf Inf 2
23 43 44 Inf 10 33 4 8 16 40 44
4 3 Inf 1 Inf 1 Inf 2 2 8 3
26 30 43 41 35 24 23 17 4 52 15
21 2 2 31 32 Inf Inf 30 29 33 Inf
5 5 10 7 6 10 10 Inf 8 1 9
24 3 5 16 23 24 25 37 44 14 27
25 37 6 15 24 27 28 23 31 25 46
26 Inf 5 7 3 30 8 29 25 Inf 21
26 10 Inf 34 22 28 Inf 39 40 44 5
24 Inf Inf 38 34 45 26 12 29 46 3
27 8 42 Inf 44 32 3 48 31 4 48
20 4 37 8 11 3 27 24 32 35 4
23 35 28 Inf 3 42 7 36 8 2 34
25 10 29 22 21 Inf 17 37 17 6 Inf
13 7 16 10 Inf 25 20 24 24 9 7
3 3 6 1 6 5 2 4 6 1 1
11 4 17 18 16 Inf 3 18 12 14 4
21 40 31 3 20 37 13 2 8 14 8
22 Inf Inf 21 5 30 27 32 15 8 40
21 39 27 36 22 12 29 34 42 16 13
22 3 2 14 15 10 Inf Inf 22 40 11
25 46 41 11 12 25 Inf 45 46 11 14
8 11 14 1 Inf 4 4 12 1 12 6
22 3 24 7 16 31 39 17 19 27 11
24 13 32 28 Inf 29 48 7 39 26 19
22 41 31 24 Inf 44 17 13 17 5 10
21 2 32 28 39 20 38 35 3 Inf 19
6 7 10 2 9 8 1 8 2 1 7
26 3 4 23 12 7 5 15 19 44 45
22 25 37 15 3 41 Inf 13 Inf 28 1
6 1 7 Inf Inf 3 2 6 Inf 1 5
21 5 37 21 32 32 32 19 32 23 Inf
25 37 42 41 4 8 7 16 45 15 35
11 19 5 5 10 Inf 19 6 Inf Inf Inf
22 29 24 12 36 15 Inf 40 1 3 13
21 30 8 39 4 23 21 Inf 40 Inf 1
25 35 8 17 38 1 19 15 50 50 24
22 Inf Inf 5 28 23 23 Inf 20 6 22
22 8 4 28 33 12 Inf 39 12 25 31
23 20 8 42 10 10 5 10 1 32 30
22 Inf 16 39 8 Inf 17 5 44 39 1
22 22 43 28 4 25 39 11 19 Inf 12
25 29 44 5 46 22 16 29 20 37 47
23 27 20 9 17 10 22 5 7 27 19
21 5 Inf 40 35 8 Inf 24 22 10 7
22 10 18 37 17 26 10 29 Inf 31 27
22 15 36 8 4 38 34 14 32 20 15
22 29 2 1 35 6 28 5 27 Inf 19
22 9 41 1 22 42 10 19 17 38 2
21 30 Inf 10 28 42 22 28 25 40 1
27 20 3 48 42 Inf 5 37 3 9 26
23 Inf 4 12 26 45 36 7 37 1 9
2 3 4 3 2 4 2 4 Inf 1 3
26 5 19 50 13 11 47 20 42 12 32
25 10 2 10 1 7 16 45 2 17 20
24 40 45 2 7 20 14 10 Inf 38 9
22 13 28 44 7 28 Inf 41 Inf 37 Inf
24 10 Inf 33 5 2 33 35 17 38 12
4 4 5 3 5 2 3 5 7 5 2
22 33 3 12 39 39 18 8 Inf 12 Inf
10 16 6 10 Inf 18 9 2 7 14 3
25 2 11 37 13 5 11 46 31 18 8
1 2
1 3
1 4
1 5
1 6
1 7
2 15
3 13
3 24
4 8
4 14
4 16
5 12
5 15
6 9
6 10
6 11
6 13
9 20
9 24
10 18
12 19
13 22
15 17
15 20
15 23
16 21
16 26
17 30
18 26
18 30
20 27
21 33
24 25
25 28
25 30
25 33
25 34
26 31
26 32
26 41
27 29
27 35
27 36
31 37
31 39
32 44
32 45
33 41
35 38
35 42
36 40
36 43
39 51
40 46
42 47
43 48
43 50
46 51
46 48
47 49
47 50
47 52
47 53
49 59
49 61
49 62
50 54
50 55
50 60
50 62
52 56
52 57
53 58
55 63
58 65
59 64
59 66
62 67
66 68
68 69
68 70
68 71
68 72
68 73
68 74
68 75
-1 -1
