75
23 43 Inf 3 Inf 40 14 45 23 27 18
24 26 Inf 15 43 34 Inf 43 44 45 1
25 Inf 14 20 43 5 Inf Inf 15 1 24
26 10 42 38 35 46 11 11 45 43 Inf
23 4 1 31 39 39 13 12 10 44 12
22 4 28 41 37 41 1 7 41 34 41
6 7 9 9 Inf 11 Inf 10 2 1 4
22 16 15 42 35 44 17 11 5 4 22
23 37 3 38 45 1 19 19 9 9 18
21 21 3 5 28 6 36 33 37 37 3
22 17 41 5 Inf 31 18 31 37 42 25
15 24 9 2 11 6 17 6 23 6 20
5 1 9 2 6 1 2 7 9 7 7
23 Inf 23 10 22 14 13 35 31 4 28
4 7 6 7 6 1 8 5 Inf Inf 2
26 1 44 1 10 14 5 Inf 46 51 19
21 16 29 36 15 41 38 39 31 8 23
5 4 8 2 4 7 3 Inf 4 5 1
24 Inf 7 12 5 20 18 10 38 47 3
25 2 28 23 5 6 15 34 13 Inf 46
26 Inf 45 34 2 13 26 10 14 8 37
26 28 12 26 Inf 20 7 2 32 30 17
24 32 30 43 8 12 38 36 48 37 12
27 9 Inf Inf 31 42 47 8 36 9 15
20 34 8 12 14 4 28 31 10 9 16
23 28 26 22 40 18 35 6 Inf 25 19
25 28 22 13 27 39 39 33 31 36 10
13 8 10 1 5 11 3 22 1 11 9
3 3 Inf 5 3 Inf 3 1 2 3 2
11 9 5 4 6 22 2 19 4 21 18
21 40 12 26 15 Inf 9 15 16 29 10
22 20 36 Inf 2 13 37 Inf Inf 13 19
21 18 5 Inf 35 8 33 Inf 20 30 23
22 9 3 5 14 6 Inf Inf Inf 32 1
25 11 12 15 Inf 7 29 6 34 36 25
8 11 6 4 2 11 7 13 Inf 6 7
22 20 8 6 8 Inf 32 31 Inf 7 13
24 12 41 Inf 25 Inf 35 17 46 30 39
22 40 32 10 20 4 40 20 20 9 3
21 17 24 21 Inf 12 24 10 37 31 4
6 2 3 3 1 3 12 3 3 5 5
26 36 49 22 Inf 28 34 5 45 37 7
22 29 25 15 19 28 32 40 43 Inf 43
6 11 10 7 2 6 9 11 1 2 7
21 6 2 26 39 22 25 2 37 34 13
25 50 27 36 2 Inf 44 28 Inf 14 41
11 16 3 16 20 19 1 7 16 7 20
22 14 32 Inf 7 42 42 26 7 43 2
21 27 6 7 41 9 26 9 18 4 10
25 3 6 8 16 36 1 44 26 Inf 7
22 7 36 31 Inf 23 29 2 28 Inf Inf
22 31 24 26 Inf 14 34 2 41 39 43
23 10 4 6 1 29 4 1 4 39 30
22 15 40 9 Inf 11 44 14 34 20 40
22 13 11 3 26 28 41 Inf 40 Inf 27
25 6 Inf 7 Inf 8 42 43 37 50 3
23 6 43 Inf Inf 46 Inf 16 5 24 33
21 8 Inf 35 40 27 33 19 23 41 2
22 13 2 5 7 39 17 Inf Inf 29 24
22 3 42 18 Inf 23 17 37 16 21 37
22 18 28 Inf 33 7 40 21 37 2 34
22 8 8 44 27 30 21 9 15 19 23
21 8 33 3 10 2 Inf 21 Inf 21 Inf
27 13 41 31 30 9 47 Inf 53 39 48
23 4 42 23 30 Inf Inf 36 15 Inf 34
2 1 1 Inf 1 3 1 1 2 4 2
26 15 7 44 17 28 47 14 10 14 11
25 32 19 15 18 41 Inf 19 3 18 22
24 48 36 48 34 23 8 32 40 28 13
22 38 31 44 24 11 5 42 28 21 Inf
24 47 35 43 9 45 34 34 11 4 33
4 2 4 Inf Inf 7 Inf 5 4 2 3
22 35 29 1 17 41 Inf 27 1 1 41
10 19 14 Inf 18 15 Inf 15 Inf 6 14
25 Inf 37 17 10 26 32 6 1 6 48
1 2
1 3
1 4
1 5
1 6
1 7
2 15
3 13
3 24
4 8
4 14
4 16
5 12
5 15
6 9
6 10
6 11
6 13
9 20
9 24
10 18
12 19
13 22
15 17
15 20
15 23
16 21
16 26
17 30
18 26
18 30
20 27
21 33
24 25
25 28
25 30
25 33
25 34
26 31
26 32
26 41
27 29
27 35
27 36
31 37
31 39
32 44
32 45
33 41
35 38
35 42
36 40
36 43
39 51
40 46
42 47
43 48
43 50
46 51
46 48
47 49
47 50
47 52
47 53
49 59
49 61
49 62
50 54
50 55
50 60
50 62
52 56
52 57
53 58
55 63
58 65
59 64
59 66
62 67
66 68
68 69
68 70
68 71
68 72
68 73
68 74
68 75
-1 -1
