75
23 Inf 18 9 2 Inf 13 1 9 4 5
24 1 3 15 14 11 17 2 11 21 Inf
25 Inf 22 20 4 Inf 15 3 Inf 15 19
26 5 18 9 12 10 Inf Inf 4 18 Inf
23 9 Inf 13 8 2 18 19 3 2 21
22 17 1 Inf 9 Inf 19 10 5 11 9
6 6 4 3 1 1 5 6 6 4 6
22 Inf 10 13 12 6 2 12 22 7 6
23 15 Inf 5 23 10 3 10 15 1 2
21 2 21 16 17 9 6 2 17 18 5
22 Inf 4 1 1 Inf 18 4 6 21 1
15 9 9 6 1 9 5 5 5 13 4
5 1 Inf 5 1 1 2 1 1 1 3
23 3 4 1 21 14 Inf 16 11 5 15
4 3 Inf 3 2 2 3 3 4 1 4
26 10 13 22 1 26 15 Inf 20 10 7
21 1 17 6 4 8 Inf 17 11 7 Inf
5 5 3 1 Inf 5 4 1 5 1 5
24 Inf 23 10 3 3 15 22 3 24 Inf
25 6 10 14 7 15 9 20 3 24 Inf
26 12 9 7 1 16 3 15 2 20 1
26 25 5 Inf 2 21 24 Inf 23 22 18
24 21 15 4 3 4 11 16 24 19 21
27 24 13 18 4 8 Inf 11 5 4 27
20 6 9 4 5 4 10 20 19 18 1
23 21 18 11 21 16 Inf Inf Inf Inf 16
25 19 24 9 Inf 19 19 20 25 3 10
13 6 2 5 11 7 Inf 3 Inf 10 Inf
3 2 1 1 Inf 3 1 Inf 1 2 2
11 9 7 10 8 6 2 10 9 6 11
21 13 21 8 Inf Inf 18 15 16 1 Inf
22 19 1 6 17 4 1 Inf 3 18 19
21 16 Inf 20 Inf 3 7 10 15 Inf 20
22 4 7 15 7 17 18 15 7 Inf 22
25 5 Inf 21 10 21 25 11 Inf 14 25
8 4 5 2 4 Inf 3 6 Inf 6 7
22 14 10 6 6 5 14 1 Inf 9 10
24 14 9 2 23 11 9 11 Inf 4 Inf
22 11 18 14 5 17 9 4 13 22 16
21 7 Inf 20 13 14 Inf 17 1 11 2
6 4 Inf 3 6 5 4 2 6 2 2
26 17 18 26 5 4 14 13 16 12 8
22 6 2 5 19 13 14 21 4 13 12
6 5 1 4 1 2 4 5 Inf 1 2
21 12 14 19 2 8 10 Inf Inf 9 13
25 22 9 Inf 15 3 20 16 5 19 Inf
11 1 11 6 9 4 11 7 9 11 6
22 9 21 2 2 5 20 Inf 2 8 2
21 18 Inf 10 21 14 11 9 18 20 21
25 4 16 11 23 12 17 7 1 7 1
22 19 Inf 3 2 12 1 8 9 1 18
22 Inf 22 8 2 9 2 10 3 Inf 5
23 7 Inf 10 21 Inf 4 19 7 16 6
22 11 21 3 12 19 7 12 3 19 14
22 7 18 Inf 9 4 8 20 11 Inf Inf
25 17 22 21 20 25 24 9 19 16 5
23 19 20 13 Inf 16 22 23 18 18 6
21 5 2 21 Inf 6 21 4 Inf 1 5
22 8 6 18 18 3 9 9 17 14 22
22 13 18 Inf 17 5 10 19 11 Inf 19
22 14 17 22 Inf 7 20 1 4 Inf Inf
22 20 15 7 14 14 5 4 15 17 7
21 19 20 15 2 10 Inf 14 Inf Inf 4
27 18 Inf 27 24 8 17 2 5 24 25
23 10 21 12 3 Inf 23 4 Inf 5 4
2 1 2 1 1 1 Inf 1 1 1 2
26 19 17 20 2 7 18 25 7 15 20
25 4 23 12 9 19 5 24 5 8 21
24 11 22 22 21 21 12 1 4 20 7
22 6 Inf 20 4 Inf Inf 7 7 5 3
24 20 4 16 Inf 22 4 14 16 4 6
4 1 Inf 2 Inf 3 1 4 2 Inf 1
22 9 3 9 11 11 Inf 22 22 13 12
10 5 8 9 1 10 4 6 6 Inf 2
25 7 Inf 4 8 7 20 19 25 6 8
1 2
1 3
1 4
1 5
1 6
1 7
2 15
3 13
3 24
4 8
4 14
4 16
5 12
5 15
6 9
6 10
6 11
6 13
9 20
9 24
10 18
12 19
13 22
15 17
15 20
15 23
16 21
16 26
17 30
18 26
18 30
20 27
21 33
24 25
25 28
25 30
25 33
25 34
26 31
26 32
26 41
27 29
27 35
27 36
31 37
31 39
32 44
32 45
33 41
35 38
35 42
36 40
36 43
39 51
40 46
42 47
43 48
43 50
46 51
46 48
47 49
47 50
47 52
47 53
49 59
49 61
49 62
50 54
50 55
50 60
50 62
52 56
52 57
53 58
55 63
58 65
59 64
59 66
62 67
66 68
68 69
68 70
68 71
68 72
68 73
68 74
68 75
-1 -1
