75
23 18 20 22 33 13 22 27 20 26 9
24 18 37 7 6 43 13 15 39 Inf Inf
25 6 36 3 50 45 Inf 4 15 35 10
26 Inf 7 Inf 26 19 30 51 43 5 45
23 Inf 25 12 28 46 30 33 10 31 43
22 44 22 4 Inf 3 7 10 26 33 30
6 1 9 2 Inf Inf 8 9 9 7 4
22 7 8 Inf Inf 13 18 22 2 13 Inf
23 20 24 Inf 37 1 4 30 Inf Inf 7
21 40 14 31 8 38 4 38 30 16 9
22 29 14 39 36 27 19 11 15 44 2
15 22 14 11 17 26 26 2 1 16 11
5 5 5 5 5 2 5 10 Inf 10 5
23 4 27 12 32 24 11 Inf 21 11 42
4 5 3 5 Inf 8 8 Inf 6 2 5
26 50 7 46 42 50 10 8 Inf 16 44
21 Inf 29 4 41 Inf Inf 39 4 28 Inf
5 Inf 5 10 4 5 9 3 Inf 10 5
24 9 16 7 39 47 38 14 45 20 Inf
25 12 36 8 5 12 Inf 45 3 16 Inf
26 8 28 6 46 5 10 18 40 44 42
26 9 1 26 40 18 39 13 15 8 40
24 25 39 32 7 15 Inf 13 47 1 2
27 17 13 27 3 24 53 Inf 14 Inf 7
20 9 27 19 20 33 Inf 40 13 Inf 30
23 14 31 18 38 46 41 43 12 9 10
25 2 17 32 Inf 32 21 38 1 22 16
13 19 5 6 1 8 25 24 26 4 4
3 2 1 2 3 4 Inf 1 5 Inf 2
11 7 9 17 4 15 22 1 6 8 4
21 34 18 Inf Inf 8 3 9 14 41 6
22 21 27 24 39 9 3 7 29 14 Inf
21 7 34 39 9 9 32 5 42 3 17
22 2 Inf 28 27 1 41 32 28 3 40
25 25 45 1 4 31 34 Inf 18 2 Inf
8 2 7 6 11 4 10 12 2 1 14
22 20 3 Inf 8 12 4 20 24 14 23
24 34 Inf 21 25 9 24 18 24 34 14
22 32 14 5 35 15 3 28 41 10 11
21 23 10 24 4 23 20 9 19 27 22
6 9 1 3 9 7 5 9 8 9 10
26 37 48 Inf 6 49 35 16 Inf 16 22
22 26 38 7 36 40 29 8 8 27 9
6 12 3 1 11 12 3 1 Inf 12 2
21 Inf 20 34 41 6 3 Inf 34 14 14
25 42 39 17 39 42 4 40 4 47 5
11 5 8 Inf 10 14 4 11 18 19 17
22 11 43 20 32 38 11 6 44 Inf 12
21 27 29 29 25 12 38 31 19 1 3
25 41 28 20 34 Inf 28 6 34 44 11
22 34 25 Inf 40 27 Inf 10 33 32 12
22 Inf 36 14 22 44 26 17 1 4 38
23 43 43 33 17 31 11 42 20 18 44
22 24 13 44 39 2 39 2 Inf 2 10
22 41 Inf 12 11 14 8 30 29 1 27
25 Inf 11 14 43 42 21 21 12 43 34
23 26 1 1 6 33 6 25 13 38 6
21 40 41 Inf 30 35 1 10 23 5 33
22 40 9 28 24 6 18 37 43 7 36
22 1 13 20 Inf 30 14 9 Inf 15 7
22 15 33 24 22 7 34 34 36 33 2
22 43 14 16 Inf 41 19 24 16 9 41
21 10 15 1 32 26 19 25 32 6 5
27 Inf 39 38 40 24 4 38 27 28 42
23 Inf 6 29 Inf Inf Inf 40 5 28 31
2 2 4 1 4 1 1 Inf 3 2 Inf
26 29 26 49 42 Inf 38 5 11 34 29
25 9 1 29 27 14 34 6 21 49 1
24 2 Inf Inf 10 5 Inf 35 41 9 42
22 Inf Inf 38 Inf 21 2 32 9 11 40
24 10 8 10 Inf 8 Inf 4 42 9 Inf
4 7 6 2 1 7 Inf 1 1 1 6
22 Inf 25 26 24 15 7 21 2 6 Inf
10 2 5 19 6 9 2 Inf 12 13 18
25 27 21 12 17 Inf 26 8 33 6 48
1 2
1 3
1 4
1 5
1 6
1 7
2 15
3 13
3 24
4 8
4 14
4 16
5 12
5 15
6 9
6 10
6 11
6 13
9 20
9 24
10 18
12 19
13 22
15 17
15 20
15 23
16 21
16 26
17 30
18 26
18 30
20 27
21 33
24 25
25 28
25 30
25 33
25 34
26 31
26 32
26 41
27 29
27 35
27 36
31 37
31 39
32 44
32 45
33 41
35 38
35 42
36 40
36 43
39 51
40 46
42 47
43 48
43 50
46 51
46 48
47 49
47 50
47 52
47 53
49 59
49 61
49 62
50 54
50 55
50 60
50 62
52 56
52 57
53 58
55 63
58 65
59 64
59 66
62 67
66 68
68 69
68 70
68 71
68 72
68 73
68 74
68 75
-1 -1
