75
23 1 Inf 21 7 7 1 22 20 22 13 5 16 15 8 20 23 11 5
24 15 10 Inf 21 2 2 20 22 7 10 21 Inf 14 Inf Inf 11 7 Inf
25 16 9 9 14 11 Inf 23 14 12 Inf 12 11 6 23 23 16 21 22
26 Inf 6 8 7 16 Inf 1 13 8 Inf 1 23 24 23 9 Inf 10 14
23 3 4 3 Inf 21 18 18 3 18 14 7 6 5 19 23 20 21 15
22 Inf 2 5 7 19 7 4 Inf 6 14 13 12 13 3 20 12 19 18
6 1 1 3 5 5 5 2 Inf 1 Inf 6 Inf Inf 3 3 6 Inf 1
22 Inf 19 Inf 22 21 10 18 Inf 14 12 15 6 10 12 22 16 11 7
23 1 12 Inf 2 11 Inf 10 17 15 16 1 23 9 22 Inf 15 22 5
21 3 14 Inf 1 Inf 3 6 3 3 1 17 9 5 18 2 20 4 21
22 7 6 11 4 11 Inf 4 18 3 Inf 17 6 19 18 16 Inf 21 12
15 11 12 3 1 12 8 2 11 10 9 13 4 7 9 13 9 12 7
5 2 4 2 3 1 1 5 2 Inf 1 4 4 3 2 5 2 2 1
23 22 8 17 5 11 1 Inf 2 11 7 3 13 14 14 12 Inf 22 11
4 4 Inf Inf 4 2 Inf Inf 4 3 1 4 4 1 2 4 Inf 1 1
26 Inf 12 25 15 Inf 12 2 9 Inf 1 9 Inf 16 17 17 Inf Inf 19
21 6 8 1 15 15 Inf 16 9 10 20 Inf 9 9 14 17 3 3 13
5 1 5 Inf 4 Inf 2 5 5 3 4 2 1 2 5 1 Inf 1 1
24 Inf Inf 19 11 22 17 22 20 21 19 24 5 4 21 7 3 18 Inf
25 21 16 15 3 Inf 6 2 15 Inf 22 20 7 19 19 5 24 1 6
26 Inf 1 18 7 15 9 25 23 5 13 8 22 19 17 9 7 18 11
26 23 24 Inf 9 9 7 22 25 17 21 9 17 18 5 2 10 14 19
24 21 15 4 6 Inf Inf 6 Inf 14 6 Inf 22 4 16 10 16 22 Inf
27 6 6 8 20 Inf 1 25 8 2 19 24 9 7 2 14 21 23 1
20 1 8 Inf 10 16 1 Inf 14 18 Inf 13 8 16 20 2 8 6 Inf
23 15 4 21 3 2 9 20 1 14 Inf 11 18 19 9 5 4 3 22
25 4 8 Inf Inf 11 3 6 6 16 11 5 4 23 16 15 Inf 5 4
13 3 Inf 2 10 10 3 4 7 Inf 7 4 10 10 5 11 10 4 13
3 2 Inf 3 2 3 3 1 3 1 3 3 1 2 1 1 1 3 1
11 1 10 9 4 10 Inf 9 4 Inf 10 11 3 6 7 3 1 2 6
21 2 Inf Inf 15 17 5 8 Inf Inf Inf 13 19 11 11 2 8 7 5
22 4 6 7 5 17 3 15 20 11 Inf Inf 5 11 4 11 12 20 6
21 1 11 7 2 15 12 Inf 5 19 5 5 14 2 Inf 12 19 9 20
22 2 6 Inf 8 21 12 4 Inf 20 2 Inf 8 Inf 2 19 3 7 3
25 5 Inf 1 17 3 6 7 Inf Inf 2 25 7 2 1 Inf 21 1 5
8 Inf 2 7 Inf 4 2 2 2 1 4 5 6 5 8 8 6 5 2
22 20 15 Inf 18 3 10 2 22 20 11 13 2 9 11 19 2 22 18
24 Inf 2 4 7 12 21 6 20 8 10 5 1 21 13 3 10 1 21
22 3 22 4 5 4 2 Inf 5 Inf 4 10 16 7 1 9 4 Inf 21
21 5 11 5 11 3 Inf Inf 21 Inf 16 8 Inf 13 8 14 20 20 4
6 3 4 6 4 3 Inf 1 4 1 2 1 4 3 Inf 1 2 3 6
26 3 4 10 4 Inf 3 3 25 15 26 22 5 Inf 7 21 Inf 21 13
22 21 2 19 Inf 5 3 13 5 10 14 20 18 1 20 6 6 5 22
6 4 Inf 3 2 5 1 2 Inf 4 1 1 1 5 Inf 1 4 4 1
21 4 7 9 3 19 10 4 3 2 11 14 19 11 14 18 12 3 12
25 9 3 13 7 16 19 9 12 20 Inf 20 20 Inf 13 10 2 11 18
11 3 2 5 5 3 1 4 4 3 1 11 2 2 3 1 7 6 3
22 Inf 5 4 15 1 4 14 8 1 18 20 10 5 6 6 Inf 10 3
21 18 18 21 12 1 3 20 20 15 14 13 16 20 18 13 16 15 14
25 22 15 21 14 16 14 1 2 11 Inf 25 3 20 13 21 14 23 20
22 21 5 1 9 16 5 5 10 1 5 10 12 19 22 Inf 3 5 Inf
22 14 2 3 Inf 9 10 22 19 20 Inf 12 22 Inf 16 19 2 17 20
23 23 21 1 19 2 2 6 11 Inf 2 12 15 Inf 23 15 6 Inf 11
22 22 Inf 17 17 22 15 2 20 18 6 4 12 18 8 2 17 17 15
22 17 5 17 5 22 7 11 22 17 4 4 3 1 21 14 17 19 19
25 6 4 15 Inf 3 16 3 3 24 8 6 13 15 4 7 23 23 12
23 1 4 5 2 21 15 23 18 Inf 19 4 15 13 15 2 1 20 Inf
21 5 9 14 18 12 1 9 4 19 1 18 1 2 Inf 19 4 12 16
22 17 2 10 6 17 3 21 21 8 9 15 16 13 16 19 10 4 1
22 12 18 17 Inf Inf 16 22 20 5 14 1 8 19 Inf 12 1 2 16
22 9 6 12 8 20 Inf 7 22 Inf 10 4 1 15 10 16 20 20 13
22 15 Inf 3 1 8 3 Inf 12 11 21 22 Inf 3 20 11 14 6 10
21 7 1 14 11 Inf 15 15 5 2 13 4 11 10 2 15 16 12 1
27 13 16 12 3 19 4 10 14 13 5 9 5 20 14 15 Inf Inf 10
23 Inf 17 23 10 7 20 7 23 Inf 15 17 7 15 Inf 15 20 13 6
2 1 Inf 2 1 Inf 1 1 1 1 2 2 1 1 2 1 1 2 Inf
26 21 5 11 14 22 15 Inf 7 25 10 21 12 11 9 6 Inf 14 23
25 6 1 Inf 1 22 16 3 18 21 20 6 14 25 18 19 Inf 4 18
24 10 14 2 17 Inf 15 6 5 15 13 6 16 1 9 12 1 11 Inf
22 22 Inf 5 19 15 9 Inf 13 12 5 19 13 9 11 10 16 6 5
24 18 1 24 15 4 23 9 19 6 10 24 5 7 2 11 24 1 6
4 2 3 2 1 1 3 4 1 3 1 2 3 2 Inf 2 Inf 1 1
22 3 1 10 22 Inf 7 4 7 1 11 3 7 11 20 15 21 3 13
10 5 4 9 8 7 3 10 Inf 7 2 5 8 2 2 1 2 4 4
25 13 Inf 2 20 Inf 23 22 1 3 Inf 6 23 5 12 22 16 9 6
1 2
1 3
1 4
1 5
1 6
1 7
2 15
3 13
3 24
4 8
4 14
4 16
5 12
5 15
6 9
6 10
6 11
6 13
9 20
9 24
10 18
12 19
13 22
15 17
15 20
15 23
16 21
16 26
17 30
18 26
18 30
20 27
21 33
24 25
25 28
25 30
25 33
25 34
26 31
26 32
26 41
27 29
27 35
27 36
31 37
31 39
32 44
32 45
33 41
35 38
35 42
36 40
36 43
39 51
40 46
42 47
43 48
43 50
46 51
46 48
47 49
47 50
47 52
47 53
49 59
49 61
49 62
50 54
50 55
50 60
50 62
52 56
52 57
53 58
55 63
58 65
59 64
59 66
62 67
66 68
68 69
68 70
68 71
68 72
68 73
68 74
68 75
-1 -1
