75
23 Inf 18 5 Inf 20 12 6 6 Inf 9 23 Inf 10 22 15 21 12 2
24 5 13 3 23 12 24 13 18 21 3 7 24 5 23 7 5 Inf 5
25 21 2 22 5 16 6 17 17 25 5 17 15 13 22 1 13 5 7
26 5 6 3 1 Inf 18 Inf 20 20 2 11 22 Inf 8 7 10 18 Inf
23 8 23 7 19 1 1 6 10 4 10 Inf 1 5 21 9 18 2 21
22 17 14 12 1 1 2 4 16 7 15 3 3 10 13 1 10 17 20
6 5 Inf 3 1 2 4 2 Inf Inf 2 5 5 6 6 2 3 5 1
22 14 Inf 19 6 13 2 12 3 20 4 16 5 11 21 18 11 17 12
23 18 23 9 5 20 22 9 23 Inf 13 22 Inf 16 Inf 20 6 2 4
21 10 11 16 20 2 11 21 20 20 10 19 13 15 15 12 13 11 14
22 10 Inf 5 Inf 16 Inf 1 6 5 8 1 16 22 22 11 14 9 15
15 1 Inf 10 5 8 9 10 13 10 14 6 5 Inf 7 8 12 4 11
5 1 2 4 1 1 5 1 5 Inf 2 1 4 4 4 Inf 3 1 1
23 15 15 5 17 Inf 7 13 17 20 9 3 13 6 17 Inf 11 18 17
4 2 Inf 4 3 3 4 Inf 1 4 3 3 1 2 3 Inf Inf 4 2
26 Inf 19 22 10 13 12 Inf 13 Inf 12 16 8 23 24 24 26 21 4
21 21 6 1 12 10 8 7 Inf 8 15 20 7 14 21 16 5 2 14
5 Inf 4 2 3 5 1 5 2 3 4 5 5 3 2 Inf 4 3 5
24 19 Inf 2 5 12 5 24 Inf 24 20 11 11 24 7 9 22 1 11
25 7 2 21 23 17 11 25 25 23 Inf 10 Inf 12 Inf 5 12 15 17
26 Inf 13 2 19 Inf 3 16 26 Inf 11 9 10 21 2 8 22 6 3
26 21 24 16 17 2 12 7 16 Inf 17 5 26 8 Inf 3 12 14 24
24 5 6 2 5 10 3 19 18 13 19 17 Inf 18 6 8 20 24 16
27 18 24 27 14 18 17 25 9 5 1 16 14 25 13 6 15 15 4
20 20 9 9 2 10 10 Inf 18 4 Inf 8 15 4 7 Inf 14 15 Inf
23 21 5 13 7 17 Inf 14 14 Inf 19 Inf 18 7 17 16 6 14 4
25 23 4 10 Inf 10 10 3 2 6 19 12 15 21 15 18 19 2 1
13 Inf 6 5 2 11 1 3 5 10 1 5 12 5 8 8 2 Inf 10
3 1 Inf 2 2 3 Inf 2 2 1 2 3 3 1 2 Inf 3 2 1
11 3 Inf 8 10 Inf 2 Inf 1 3 4 7 1 4 10 4 8 9 4
21 9 16 5 15 7 2 11 13 3 21 12 Inf 13 17 Inf 3 2 12
22 7 16 Inf 22 2 7 16 Inf 8 9 11 Inf 7 4 13 22 11 5
21 3 6 13 14 Inf 17 4 5 4 Inf 10 Inf 19 7 8 11 21 9
22 6 21 4 11 Inf 14 16 21 Inf 6 10 21 3 Inf 21 9 12 2
25 6 8 Inf Inf 19 7 9 15 Inf 8 18 24 Inf 1 16 23 16 8
8 3 8 7 2 8 5 Inf 2 1 5 6 Inf Inf 5 6 5 5 3
22 21 15 18 2 10 3 19 Inf 20 22 16 20 22 6 6 12 9 13
24 13 8 2 18 5 19 21 7 22 2 6 Inf 10 22 10 6 7 22
22 19 21 5 18 1 6 Inf 19 12 21 14 6 4 19 12 22 19 11
21 1 3 10 18 2 8 Inf 11 9 6 10 6 3 9 13 1 Inf 21
6 5 1 6 5 6 Inf Inf 3 1 4 4 2 Inf 6 5 Inf Inf 5
26 14 Inf 7 13 24 24 22 3 17 2 21 16 Inf Inf 24 22 18 15
22 4 11 14 5 4 21 6 7 4 16 1 3 1 14 3 13 14 18
6 2 5 5 1 3 3 1 5 3 2 4 4 4 6 2 4 1 5
21 1 16 4 Inf 20 7 17 2 5 7 17 20 5 12 20 17 3 9
25 15 18 22 16 15 19 Inf 4 19 19 7 18 4 2 Inf Inf 6 10
11 1 7 9 2 6 9 7 7 5 10 11 3 5 6 3 3 5 10
22 6 9 9 19 Inf 20 14 1 7 18 Inf Inf 18 8 4 13 14 12
21 1 13 12 Inf Inf 12 16 3 5 2 13 21 2 16 10 4 5 18
25 6 21 25 8 18 Inf 12 10 17 14 9 22 15 1 4 1 Inf 25
22 16 11 7 7 16 19 5 18 18 6 11 12 Inf 13 19 10 Inf 9
22 6 5 7 10 6 1 13 16 6 4 1 Inf 1 4 15 22 9 20
23 3 5 18 3 8 4 8 17 14 11 6 5 1 1 3 15 16 6
22 15 15 21 22 10 17 14 5 20 8 9 13 4 4 4 2 20 17
22 9 Inf 6 15 16 13 4 18 7 2 21 13 13 5 1 17 4 11
25 25 15 12 13 16 9 19 20 4 24 Inf 6 Inf 19 Inf 11 25 11
23 12 16 23 14 17 22 20 12 21 Inf 4 15 13 7 Inf 5 6 17
21 21 19 10 1 Inf Inf 8 19 7 14 12 6 17 Inf 3 4 21 13
22 6 12 19 5 9 8 Inf Inf 13 Inf 12 8 Inf 13 5 5 9 10
22 17 Inf Inf 20 5 3 9 17 15 21 5 20 12 4 4 11 11 21
22 16 13 12 16 4 5 4 20 14 Inf 3 12 15 4 3 3 2 2
22 9 7 14 Inf 20 2 6 19 16 7 Inf 17 12 21 19 8 1 18
21 4 4 16 1 4 9 5 Inf 14 1 2 5 3 19 2 9 19 Inf
27 12 6 3 5 3 24 5 19 1 13 13 15 27 21 13 6 18 5
23 14 20 12 11 20 3 23 3 11 1 Inf Inf 7 6 Inf 10 7 15
2 Inf 2 2 Inf 2 1 2 1 2 1 2 1 Inf 1 1 1 1 2
26 Inf 7 7 7 20 10 12 13 3 2 21 2 2 18 Inf 23 Inf 1
25 1 16 12 3 15 Inf 18 Inf 14 21 6 25 13 Inf 22 14 Inf 9
24 8 9 7 19 5 17 16 Inf 11 24 20 10 8 23 1 2 Inf 5
22 5 22 9 9 20 16 10 Inf 1 16 18 20 Inf 12 3 15 17 8
24 17 14 1 4 21 Inf 21 3 Inf 12 17 1 9 10 8 22 14 4
4 2 4 1 3 1 Inf 4 2 4 1 1 4 4 3 3 1 2 1
22 16 21 6 5 3 10 5 14 Inf Inf 16 15 Inf 1 9 5 20 5
10 Inf 3 1 7 1 Inf 6 2 Inf 10 4 Inf 5 7 4 8 4 6
25 19 21 4 6 5 20 7 2 2 8 Inf 13 10 1 Inf 16 14 18
1 2
1 3
1 4
1 5
1 6
1 7
2 15
3 13
3 24
4 8
4 14
4 16
5 12
5 15
6 9
6 10
6 11
6 13
9 20
9 24
10 18
12 19
13 22
15 17
15 20
15 23
16 21
16 26
17 30
18 26
18 30
20 27
21 33
24 25
25 28
25 30
25 33
25 34
26 31
26 32
26 41
27 29
27 35
27 36
31 37
31 39
32 44
32 45
33 41
35 38
35 42
36 40
36 43
39 51
40 46
42 47
43 48
43 50
46 51
46 48
47 49
47 50
47 52
47 53
49 59
49 61
49 62
50 54
50 55
50 60
50 62
52 56
52 57
53 58
55 63
58 65
59 64
59 66
62 67
66 68
68 69
68 70
68 71
68 72
68 73
68 74
68 75
-1 -1
