75
23 16 23 13 5 Inf Inf 12 2 5 19 1 20 6 15 9 16 17 6
24 2 24 22 7 10 19 22 Inf 3 17 14 13 19 6 17 5 19 19
25 13 Inf 16 5 8 6 17 20 13 8 16 14 21 20 21 Inf 4 6
26 22 2 1 16 2 4 11 16 24 5 14 8 23 12 Inf Inf 8 Inf
23 2 8 3 5 22 20 10 10 10 5 1 1 4 5 22 9 4 2
22 17 6 14 Inf 15 5 4 15 7 17 18 14 15 19 3 Inf 2 6
6 1 3 1 4 3 6 1 1 2 4 1 6 1 1 5 5 3 Inf
22 21 3 1 18 7 2 17 12 6 Inf 9 8 7 1 4 19 13 10
23 Inf Inf 5 15 16 20 20 20 18 6 19 8 18 14 4 2 Inf 15
21 19 18 3 Inf 21 21 20 21 6 13 15 15 Inf 2 Inf 8 11 7
22 9 1 10 14 2 6 15 17 15 1 1 7 Inf 3 9 21 4 16
15 2 Inf 11 Inf 9 12 11 13 7 Inf 6 8 Inf 10 9 1 Inf 7
5 3 5 5 5 Inf Inf 4 4 Inf 1 3 5 Inf 3 1 4 1 2
23 17 20 8 3 10 4 Inf 12 19 Inf 9 13 6 10 2 21 5 12
4 1 4 3 3 4 3 3 2 Inf Inf 1 Inf 3 2 3 2 1 2
26 10 3 6 6 11 Inf Inf 1 25 9 Inf 15 3 7 Inf 22 4 16
21 6 7 3 8 Inf 7 Inf 5 4 7 8 3 5 4 20 17 14 21
5 2 5 Inf 2 4 3 1 1 5 2 5 1 3 5 5 4 5 1
24 11 21 11 19 23 18 22 12 14 Inf 18 14 8 Inf 3 8 8 3
25 20 2 Inf 22 9 Inf 21 Inf 1 2 23 11 12 9 1 5 15 25
26 Inf 12 26 23 Inf 7 Inf 3 3 10 23 10 26 4 8 1 19 22
26 22 10 13 12 3 Inf 24 Inf Inf 25 24 25 18 21 Inf 9 17 Inf
24 12 4 19 24 23 11 16 12 3 17 16 10 14 4 15 2 12 13
27 11 3 12 1 1 10 2 21 15 1 25 13 Inf 10 Inf 21 26 14
20 15 Inf 13 18 Inf 2 10 12 14 5 11 20 11 4 1 14 9 14
23 21 Inf 1 13 2 20 7 23 3 16 1 4 4 15 10 3 1 1
25 24 6 Inf 9 14 1 6 19 7 10 5 6 18 17 17 Inf 22 7
13 2 8 2 6 1 1 5 9 6 10 2 7 4 10 12 1 3 Inf
3 1 1 2 1 2 1 Inf 1 2 1 3 2 2 2 1 3 3 3
11 3 4 1 1 8 1 6 1 Inf 10 11 10 6 7 9 3 10 5
21 10 7 9 10 4 14 Inf 1 19 13 Inf 10 Inf 14 15 Inf 4 5
22 11 18 15 8 22 22 21 12 17 6 15 Inf 7 17 13 17 18 2
21 19 17 2 11 Inf 1 9 1 21 3 Inf 5 16 1 17 3 20 Inf
22 12 Inf 22 17 9 Inf Inf 20 20 1 3 5 17 6 10 13 18 3
25 25 7 8 1 18 11 12 4 Inf 17 9 Inf 14 3 6 2 12 Inf
8 7 5 1 6 1 6 5 6 7 7 7 8 Inf Inf 4 7 Inf 8
22 20 11 18 5 11 15 15 10 1 8 7 11 12 21 8 13 3 18
24 13 11 19 24 5 23 6 6 7 7 15 14 15 16 10 Inf 4 7
22 2 20 22 22 Inf 6 5 2 5 17 2 4 4 14 3 2 21 1
21 6 Inf 19 Inf 9 4 10 6 11 11 Inf 4 Inf 15 5 11 17 20
6 4 3 Inf Inf 3 2 6 1 6 2 3 4 6 4 3 5 2 4
26 11 15 17 22 23 14 Inf 12 23 16 13 12 22 15 11 12 25 4
22 17 21 17 Inf Inf 5 Inf 7 13 15 4 12 21 5 22 Inf 14 1
6 1 1 4 3 2 3 1 2 4 1 1 2 3 1 1 6 4 5
21 4 16 Inf 16 7 5 14 17 1 Inf 17 9 10 3 Inf 14 8 17
25 5 4 10 9 23 25 6 22 21 4 14 Inf 9 22 17 6 21 Inf
11 10 9 Inf 11 8 5 9 2 9 9 6 6 11 6 Inf 8 Inf 7
22 9 8 11 4 5 Inf 11 21 4 15 2 4 15 4 6 18 14 10
21 2 17 Inf 3 1 16 2 Inf 14 20 17 2 14 15 8 20 4 10
25 3 17 25 14 1 11 2 Inf 12 17 25 14 25 1 19 18 14 11
22 14 Inf 17 2 Inf Inf 18 17 4 1 17 16 Inf 12 22 3 21 Inf
22 22 2 19 13 4 Inf Inf 6 7 20 6 15 14 13 11 1 Inf Inf
23 12 4 9 2 9 Inf 22 7 18 4 18 9 Inf 8 19 7 20 21
22 1 6 13 15 Inf 13 13 1 13 15 17 Inf 10 21 14 5 2 19
22 5 13 18 6 6 14 13 3 Inf Inf Inf 6 Inf 1 1 19 22 17
25 9 11 4 8 11 11 5 12 3 23 12 8 23 5 19 5 9 17
23 1 2 12 15 2 15 2 22 20 2 21 Inf 7 1 1 7 22 8
21 10 11 14 15 16 11 6 13 14 3 7 5 3 16 18 20 Inf Inf
22 21 8 20 1 4 6 Inf 15 19 1 2 6 Inf 17 3 18 Inf 6
22 1 Inf 1 21 8 18 20 20 19 19 17 13 22 7 1 3 3 9
22 Inf 6 8 Inf 7 Inf 8 Inf 9 18 6 Inf 9 Inf 10 2 1 Inf
22 3 22 6 14 16 5 Inf 2 5 4 18 7 15 13 16 15 16 Inf
21 17 16 18 5 11 8 6 1 6 16 4 7 1 7 15 16 1 7
27 3 Inf 13 23 15 20 8 19 25 11 24 19 Inf 17 6 25 13 22
23 17 16 13 8 21 12 12 21 11 9 20 Inf 6 5 Inf 19 14 Inf
2 2 2 1 Inf 1 Inf 1 1 2 Inf 2 1 2 2 1 2 Inf 1
26 Inf 11 14 22 24 9 17 1 14 4 Inf 17 5 21 20 16 3 21
25 3 18 Inf 13 9 8 Inf 1 4 2 12 7 1 14 15 16 Inf 23
24 3 21 Inf 2 10 23 23 Inf 2 5 7 14 6 18 3 7 21 10
22 10 4 13 Inf 2 10 9 21 22 4 12 5 1 3 Inf 22 3 2
24 Inf 21 13 24 5 17 23 17 13 10 Inf 1 22 19 13 10 18 22
4 3 3 1 2 Inf 4 3 3 1 Inf 4 4 2 1 4 2 4 4
22 16 13 15 4 3 18 6 21 5 18 18 18 1 6 4 12 13 Inf
10 2 3 9 1 7 6 7 1 Inf 10 10 9 4 2 6 1 3 5
25 3 Inf 11 4 2 25 23 Inf 9 6 6 Inf 17 17 16 9 23 22
1 2
1 3
1 4
1 5
1 6
1 7
2 15
3 13
3 24
4 8
4 14
4 16
5 12
5 15
6 9
6 10
6 11
6 13
9 20
9 24
10 18
12 19
13 22
15 17
15 20
15 23
16 21
16 26
17 30
18 26
18 30
20 27
21 33
24 25
25 28
25 30
25 33
25 34
26 31
26 32
26 41
27 29
27 35
27 36
31 37
31 39
32 44
32 45
33 41
35 38
35 42
36 40
36 43
39 51
40 46
42 47
43 48
43 50
46 51
46 48
47 49
47 50
47 52
47 53
49 59
49 61
49 62
50 54
50 55
50 60
50 62
52 56
52 57
53 58
55 63
58 65
59 64
59 66
62 67
66 68
68 69
68 70
68 71
68 72
68 73
68 74
68 75
-1 -1
