75
23 6 Inf 8 1 3 9 21 6 21 12 1 18 18 Inf 21 10 14 15
24 4 4 18 24 4 Inf 6 16 1 1 10 11 5 5 3 7 12 6
25 5 3 11 14 22 21 5 15 12 Inf 8 14 12 20 10 18 4 6
26 2 23 8 12 20 1 26 10 21 11 13 21 25 23 12 23 8 25
23 15 19 2 8 12 4 17 Inf 3 Inf 10 21 5 18 21 21 5 7
22 14 5 Inf Inf 7 10 8 15 20 21 22 12 8 13 Inf 2 Inf 16
6 5 1 6 1 4 6 Inf 5 2 Inf 3 3 5 4 4 Inf 4 2
22 6 21 10 4 Inf 4 5 10 16 1 6 6 Inf 18 20 Inf 11 13
23 Inf 19 8 Inf Inf 14 Inf 18 13 11 3 2 19 4 22 2 9 2
21 13 12 7 8 10 Inf 1 13 15 1 6 7 7 6 9 19 2 6
22 Inf Inf 20 9 3 1 4 10 5 1 15 Inf 22 17 Inf 22 6 2
15 13 13 3 3 9 7 10 15 14 Inf 2 13 13 7 15 8 2 14
5 4 2 2 1 Inf 4 4 3 1 4 1 Inf Inf 2 2 5 4 5
23 13 Inf 3 15 17 18 5 Inf Inf 23 11 Inf 14 3 13 13 2 8
4 3 1 Inf 3 1 1 2 4 2 4 Inf Inf 4 Inf 4 4 3 3
26 14 20 7 3 9 3 26 25 10 Inf 7 19 10 1 11 21 26 10
21 2 8 2 13 12 10 1 1 2 21 14 14 20 14 2 18 15 12
5 5 1 3 3 4 Inf 4 5 Inf Inf 2 5 1 4 5 1 3 4
24 3 5 7 12 Inf 15 12 22 22 2 3 Inf 22 3 13 4 Inf Inf
25 3 6 2 25 5 25 18 10 25 10 18 3 4 6 1 6 Inf 20
26 18 16 11 3 10 3 22 4 16 13 26 12 Inf 3 10 14 19 Inf
26 5 Inf Inf 12 13 Inf 13 6 23 2 8 23 16 21 19 6 24 22
24 Inf 6 6 14 2 Inf 5 6 4 2 18 21 2 19 7 Inf Inf Inf
27 23 21 12 Inf 5 18 1 18 26 10 18 5 27 1 21 27 23 5
20 3 10 12 13 5 9 9 Inf 8 Inf 14 3 4 Inf 9 16 Inf 12
23 Inf 21 15 22 19 Inf 5 16 10 22 16 14 1 8 1 Inf 20 20
25 6 Inf 23 11 1 3 16 3 9 23 11 Inf 6 9 9 20 14 13
13 Inf Inf Inf 2 Inf 5 10 11 3 8 3 9 Inf 13 1 3 9 9
3 3 2 1 1 3 1 3 3 3 3 3 1 2 2 Inf 1 1 1
11 2 1 9 6 3 7 2 6 1 4 6 5 8 5 2 5 6 Inf
21 7 13 4 21 8 13 17 20 Inf 4 13 Inf 12 16 5 2 14 12
22 5 13 8 9 20 19 20 17 15 17 13 Inf 21 19 10 17 17 1
21 3 14 Inf 2 7 4 14 12 14 6 7 17 17 2 5 5 8 5
22 13 3 4 4 Inf Inf 4 11 17 14 16 12 6 22 6 19 22 19
25 Inf 3 1 20 3 23 Inf 8 19 17 23 Inf 20 16 16 1 23 6
8 5 6 4 6 6 6 7 2 5 Inf 1 1 2 5 3 2 Inf 7
22 13 21 21 9 9 Inf 19 16 16 22 4 21 15 20 1 15 2 8
24 21 24 3 24 Inf 7 Inf 17 12 15 16 7 6 Inf 16 8 8 24
22 4 6 10 5 4 2 11 18 8 1 Inf 7 21 16 13 1 21 18
21 4 4 2 9 13 18 4 Inf 18 5 6 15 13 15 12 5 18 10
6 1 2 1 2 2 6 2 3 3 3 4 1 2 1 3 1 3 2
26 Inf 2 15 6 20 2 20 26 2 3 1 25 1 Inf 12 6 6 1
22 Inf Inf 9 13 Inf 2 15 9 Inf 2 20 Inf 15 16 1 Inf 1 Inf
6 1 2 5 2 4 5 Inf 2 2 6 3 6 4 3 6 4 1 2
21 10 Inf 17 19 4 8 18 3 Inf 6 19 15 6 20 8 3 Inf 3
25 13 20 22 15 20 1 18 10 15 25 15 24 18 18 Inf 8 2 Inf
11 8 10 9 Inf 9 7 10 10 7 4 9 2 4 9 1 3 2 Inf
22 13 22 15 16 13 6 9 5 15 8 Inf 3 14 11 2 1 4 11
21 3 4 3 19 1 17 12 11 10 7 13 1 18 13 19 17 17 1
25 5 24 7 14 6 15 24 11 20 13 7 13 4 13 Inf 6 2 19
22 16 18 19 15 14 21 2 21 6 6 21 9 Inf 9 2 6 12 Inf
22 18 16 18 21 21 12 1 6 7 4 2 15 6 10 Inf 22 21 21
23 1 16 17 16 17 7 11 7 6 4 11 2 1 16 23 4 Inf 4
22 Inf 8 5 Inf 21 14 3 22 9 14 3 4 4 3 22 Inf 18 1
22 19 15 Inf 19 13 18 1 12 9 17 Inf 12 20 6 Inf Inf 22 3
25 10 2 9 4 3 9 1 Inf 4 3 12 2 21 1 3 3 Inf 9
23 5 6 6 1 12 5 Inf 22 17 6 Inf 11 Inf 20 5 3 2 15
21 Inf 17 6 21 9 7 16 5 8 8 21 12 7 15 9 14 11 3
22 14 9 16 9 3 18 18 Inf 21 7 20 15 15 17 Inf 16 14 1
22 Inf 4 11 9 5 13 14 Inf Inf 21 16 1 7 7 16 11 18 5
22 5 4 6 5 3 3 12 3 9 21 10 Inf 11 4 12 14 6 4
22 3 6 Inf 3 20 4 15 17 6 1 7 3 17 19 Inf 7 Inf 20
21 11 20 8 Inf 4 17 18 13 5 9 16 1 Inf 11 19 6 Inf 4
27 3 6 12 7 25 14 8 26 13 7 27 6 2 2 2 12 16 9
23 13 21 4 12 1 13 14 5 18 23 Inf 22 8 22 4 5 22 13
2 Inf Inf 1 Inf 1 2 2 Inf 1 Inf 2 1 2 2 2 1 1 2
26 22 1 18 25 2 2 25 2 4 5 23 12 9 25 22 Inf 15 17
25 Inf 13 3 22 3 22 25 Inf 12 Inf Inf 7 24 5 14 14 20 7
24 7 21 24 15 6 3 17 7 7 Inf 24 Inf 8 1 17 20 13 13
22 Inf 10 8 9 7 14 3 22 9 21 19 Inf 19 12 1 19 18 17
24 20 7 16 Inf 11 21 21 9 3 23 2 9 Inf Inf 16 17 6 22
4 Inf 2 4 3 1 2 1 Inf 2 3 1 4 3 Inf 2 Inf 1 3
22 20 11 1 16 7 Inf Inf 5 5 Inf 15 13 13 17 2 16 4 15
10 5 10 9 2 1 1 5 6 1 10 10 3 9 6 4 5 5 1
25 2 1 7 7 2 23 6 9 18 20 8 24 9 16 10 12 10 23
1 2
1 3
1 4
1 5
1 6
1 7
2 15
3 13
3 24
4 8
4 14
4 16
5 12
5 15
6 9
6 10
6 11
6 13
9 20
9 24
10 18
12 19
13 22
15 17
15 20
15 23
16 21
16 26
17 30
18 26
18 30
20 27
21 33
24 25
25 28
25 30
25 33
25 34
26 31
26 32
26 41
27 29
27 35
27 36
31 37
31 39
32 44
32 45
33 41
35 38
35 42
36 40
36 43
39 51
40 46
42 47
43 48
43 50
46 51
46 48
47 49
47 50
47 52
47 53
49 59
49 61
49 62
50 54
50 55
50 60
50 62
52 56
52 57
53 58
55 63
58 65
59 64
59 66
62 67
66 68
68 69
68 70
68 71
68 72
68 73
68 74
68 75
-1 -1
