75
23 6 14 Inf 15 14 7 3 9 6 1 6 Inf 5 6 15 23 Inf 3
24 8 21 14 21 1 12 11 11 19 18 21 24 4 21 3 15 19 1
25 20 1 4 3 7 20 5 2 14 19 24 Inf 24 Inf 15 Inf 21 10
26 5 20 15 1 14 11 2 4 Inf 11 13 26 9 2 16 19 2 5
23 14 4 Inf 11 18 22 Inf 4 18 12 20 16 3 19 19 1 20 17
22 22 21 9 1 3 Inf Inf 20 4 21 5 9 11 14 10 15 18 18
6 4 3 6 2 5 5 1 5 5 1 2 2 2 5 1 2 3 5
22 4 12 17 13 21 17 5 18 11 2 18 22 6 17 12 3 Inf 20
23 15 6 Inf Inf 20 10 12 11 11 3 11 12 14 6 2 13 19 3
21 3 1 Inf 15 12 4 Inf 3 19 16 21 20 Inf 5 15 4 8 18
22 18 1 13 4 14 22 Inf 13 Inf 22 14 20 15 18 18 19 Inf 2
15 14 Inf 9 8 13 Inf 5 13 4 4 9 9 2 15 10 13 3 Inf
5 3 Inf 3 5 1 4 4 5 4 3 1 1 5 3 4 1 2 3
23 18 14 16 23 14 12 12 21 12 5 11 2 Inf 21 18 17 13 16
4 3 1 Inf 2 2 2 4 3 1 1 2 4 3 4 Inf 3 3 4
26 3 19 15 5 20 25 24 9 18 5 23 5 10 Inf 13 19 4 13
21 3 14 9 3 7 6 7 15 20 Inf Inf 4 3 13 1 19 21 8
5 5 4 5 1 4 5 1 5 Inf 1 4 1 1 1 3 3 1 1
24 7 6 18 19 4 23 24 23 2 8 7 14 6 12 5 Inf 6 12
25 3 Inf 25 9 19 25 12 3 16 Inf 6 20 10 21 6 11 Inf 4
26 17 26 7 Inf Inf 6 2 20 17 Inf 6 25 22 7 1 4 14 Inf
26 5 8 17 7 6 2 21 2 4 5 19 6 3 11 14 20 13 25
24 10 12 18 Inf 6 3 15 4 16 15 Inf 6 15 6 18 6 18 15
27 27 27 Inf 4 22 19 8 Inf 18 10 23 22 23 14 12 7 11 Inf
20 5 14 9 11 17 16 Inf 4 10 19 13 16 6 17 10 14 6 5
23 20 12 4 9 20 11 19 11 5 14 2 22 9 Inf Inf 8 17 5
25 10 12 23 18 5 12 21 4 20 7 Inf 5 5 8 16 20 23 14
13 2 3 2 5 7 11 8 6 5 9 2 2 Inf Inf 11 2 Inf 2
3 2 3 3 3 1 Inf Inf 2 2 3 2 2 3 1 1 3 3 1
11 Inf 8 2 3 1 4 7 1 6 2 Inf 5 8 6 10 6 6 5
21 8 4 19 Inf 17 11 6 12 15 2 6 14 5 17 6 17 19 2
22 10 9 5 18 4 14 1 17 2 10 Inf 8 14 17 Inf 1 17 4
21 Inf 1 20 Inf 16 11 Inf 5 4 13 11 20 Inf 12 17 2 5 9
22 6 1 18 21 6 Inf 13 Inf 20 17 7 1 8 Inf Inf 21 6 21
25 16 12 2 6 7 3 20 12 Inf 13 Inf Inf 4 9 22 9 Inf 9
8 5 2 1 5 1 3 7 7 4 5 7 6 6 1 2 3 5 2
22 Inf 19 22 2 14 15 6 8 17 4 Inf 19 2 15 9 7 16 8
24 21 23 Inf 1 1 24 14 6 1 20 1 Inf 21 13 20 12 1 6
22 16 18 2 10 9 6 Inf 20 10 9 Inf Inf 13 8 21 20 2 21
21 Inf 4 9 1 15 18 7 17 1 3 12 21 1 19 14 Inf 11 Inf
6 3 5 3 1 6 1 Inf 3 3 2 2 5 5 Inf 2 3 1 Inf
26 21 22 9 18 18 13 10 15 26 5 7 1 14 12 1 Inf 7 20
22 3 4 Inf Inf Inf Inf 8 14 21 10 Inf 18 5 20 5 15 6 16
6 6 1 2 1 6 1 3 4 4 6 Inf 5 1 1 6 4 5 2
21 11 18 2 18 18 21 15 14 13 8 7 16 20 14 3 Inf 1 17
25 16 1 14 24 13 20 25 25 16 16 12 22 5 15 Inf 24 19 22
11 3 6 4 4 3 3 11 3 Inf 3 5 Inf 5 1 Inf 8 Inf 5
22 22 15 8 2 18 16 19 Inf Inf Inf 6 21 18 7 14 18 7 Inf
21 9 21 11 8 17 Inf 13 Inf 21 13 Inf 6 19 19 8 18 9 20
25 19 7 18 4 17 18 10 16 11 1 19 2 2 18 6 14 15 4
22 2 12 4 1 Inf 5 17 Inf 9 19 19 5 22 8 16 15 Inf 14
22 10 4 Inf Inf 19 13 19 10 17 5 14 18 2 14 16 18 Inf 15
23 9 16 17 4 6 10 17 10 16 6 1 17 Inf 3 15 15 19 1
22 8 5 17 1 2 Inf Inf 4 8 19 22 7 13 22 9 21 14 8
22 Inf 18 Inf 15 22 9 12 6 14 5 14 11 16 8 17 Inf 3 22
25 10 7 9 16 25 19 12 4 20 5 2 12 3 23 10 2 23 5
23 1 Inf 1 Inf 12 3 17 Inf 15 10 21 11 6 14 4 22 16 15
21 20 6 8 15 20 16 10 21 13 3 13 17 9 7 3 19 1 6
22 12 18 21 15 11 17 15 19 20 4 11 4 2 17 6 2 12 16
22 11 4 18 Inf Inf 18 9 10 6 6 1 21 4 9 3 10 Inf 2
22 5 Inf 8 12 12 15 4 8 19 17 3 17 6 15 13 20 17 16
22 18 1 3 19 16 14 6 22 8 4 7 5 1 12 Inf 14 8 8
21 20 3 10 11 8 Inf 18 6 17 18 16 12 3 3 5 2 6 2
27 21 Inf 10 20 Inf Inf 14 23 6 Inf 19 26 19 13 11 5 25 3
23 22 7 Inf 17 21 17 4 21 9 Inf 19 1 6 3 5 16 19 22
2 Inf 1 2 Inf 1 2 1 1 1 1 2 1 Inf 1 2 1 1 2
26 17 Inf 25 23 14 5 Inf 26 8 8 Inf 23 24 16 16 Inf 5 26
25 24 3 1 6 15 11 15 10 20 17 3 25 Inf 6 21 23 17 Inf
24 18 10 15 23 13 14 5 14 Inf 10 Inf 10 3 Inf 21 16 12 24
22 7 6 Inf 11 2 3 Inf 4 5 13 Inf 21 10 2 2 19 21 1
24 12 15 12 15 3 16 22 Inf 23 3 11 Inf 20 11 18 17 16 4
4 1 3 4 1 3 4 Inf 2 3 4 Inf 1 1 1 4 Inf 3 4
22 22 19 11 Inf 10 4 11 4 7 Inf 18 5 5 1 2 13 10 4
10 4 5 1 1 8 8 8 10 9 Inf 2 6 1 9 6 9 10 6
25 7 19 1 11 13 13 11 Inf 9 11 24 19 15 1 18 13 6 23
1 2
1 3
1 4
1 5
1 6
1 7
2 15
3 13
3 24
4 8
4 14
4 16
5 12
5 15
6 9
6 10
6 11
6 13
9 20
9 24
10 18
12 19
13 22
15 17
15 20
15 23
16 21
16 26
17 30
18 26
18 30
20 27
21 33
24 25
25 28
25 30
25 33
25 34
26 31
26 32
26 41
27 29
27 35
27 36
31 37
31 39
32 44
32 45
33 41
35 38
35 42
36 40
36 43
39 51
40 46
42 47
43 48
43 50
46 51
46 48
47 49
47 50
47 52
47 53
49 59
49 61
49 62
50 54
50 55
50 60
50 62
52 56
52 57
53 58
55 63
58 65
59 64
59 66
62 67
66 68
68 69
68 70
68 71
68 72
68 73
68 74
68 75
-1 -1
