75
23 17 4 7 4 7 3 6 4 2 15 22 21 16 5 6 19 6 20
24 24 10 9 11 19 Inf 21 24 16 8 20 Inf 2 6 2 19 16 19
25 4 17 Inf 21 1 22 Inf 12 24 20 Inf 14 7 13 1 9 15 Inf
26 26 3 5 20 25 14 4 Inf 20 15 Inf 15 1 2 22 22 18 4
23 9 9 14 17 3 1 2 Inf 17 14 14 8 7 11 17 15 9 11
22 12 12 12 6 3 5 20 1 5 Inf 1 17 21 20 3 19 22 2
6 2 1 3 6 6 4 4 6 4 1 4 6 1 6 5 6 Inf 2
22 Inf 20 1 14 20 8 2 10 4 13 2 Inf Inf 2 9 5 Inf 19
23 Inf 2 9 2 5 Inf 22 12 8 9 4 Inf 20 1 Inf 2 14 4
21 Inf 20 3 5 8 Inf 6 21 5 3 3 14 9 8 1 16 4 9
22 20 6 15 Inf 20 Inf 14 5 1 7 12 3 1 6 1 7 4 20
15 11 Inf 3 3 14 9 9 5 9 1 3 5 7 13 3 2 13 9
5 4 5 3 1 4 4 2 Inf 5 5 Inf 1 4 Inf 5 2 5 4
23 9 14 12 16 15 Inf 2 4 16 17 23 18 17 18 2 6 6 23
4 2 2 1 4 3 1 2 4 4 3 Inf 1 1 4 4 3 4 1
26 Inf 3 20 13 26 7 21 1 2 Inf Inf 14 2 14 23 2 Inf 8
21 6 19 13 11 3 21 9 15 17 21 2 3 5 15 13 4 18 15
5 1 5 1 4 2 1 5 4 Inf 5 Inf 1 4 3 Inf 1 Inf Inf
24 Inf 15 11 5 15 8 2 16 14 6 24 19 17 6 3 14 10 23
25 Inf Inf 8 Inf 10 Inf 6 10 14 12 Inf 6 Inf 22 23 18 22 Inf
26 Inf 8 25 5 Inf 11 3 3 25 26 13 23 23 10 12 15 23 14
26 22 10 10 Inf 25 26 19 25 23 13 26 9 1 21 16 6 23 9
24 4 22 1 10 7 17 18 22 22 22 16 18 Inf 9 9 19 13 Inf
27 10 15 9 12 4 12 9 23 6 5 15 1 12 12 26 25 25 7
20 1 13 3 16 1 4 Inf 6 10 3 2 17 13 15 6 Inf Inf Inf
23 7 Inf 7 22 12 16 22 7 2 21 4 21 17 Inf 21 21 6 23
25 19 10 3 13 Inf Inf 16 1 25 22 9 2 7 7 20 2 15 Inf
13 Inf 7 Inf 4 9 1 12 8 4 3 Inf 10 5 Inf 13 1 8 1
3 Inf 2 3 1 2 1 3 1 1 Inf 2 1 1 3 2 3 3 1
11 Inf 4 8 3 2 5 Inf 3 9 3 Inf 5 5 11 3 2 4 8
21 7 10 1 2 Inf 16 20 6 9 1 14 8 9 3 18 6 11 11
22 20 10 Inf 10 3 8 2 22 13 Inf 19 5 3 5 Inf 12 17 13
21 5 5 16 4 21 2 17 7 13 Inf 4 16 6 14 18 20 9 19
22 7 2 15 9 8 14 20 11 18 14 11 Inf 6 21 Inf 9 21 3
25 1 16 15 23 22 6 20 18 1 11 18 9 16 10 14 1 Inf 3
8 5 Inf 2 8 2 2 7 4 Inf 2 6 2 3 4 3 4 6 3
22 15 22 8 20 7 22 5 8 6 5 Inf 5 15 9 11 4 4 1
24 2 3 6 1 5 9 13 21 11 17 22 13 13 20 24 18 24 8
22 Inf 2 4 10 14 15 17 20 11 11 4 19 20 16 6 6 5 16
21 16 5 Inf 3 5 19 1 6 Inf 10 8 7 12 Inf 8 12 4 5
6 5 5 4 Inf 4 2 4 5 1 Inf 3 5 3 2 2 Inf 5 4
26 4 8 6 21 7 16 12 26 Inf 15 22 23 2 7 15 Inf 24 14
22 5 4 22 14 Inf Inf 8 Inf 13 6 6 16 21 Inf 16 Inf 18 17
6 6 1 1 5 2 1 2 5 Inf 3 1 Inf 3 1 5 2 2 3
21 1 7 19 2 4 Inf 6 2 19 5 14 19 16 18 6 18 19 18
25 9 9 20 22 23 18 12 7 5 4 6 15 Inf 25 23 19 14 24
11 10 6 11 2 5 6 Inf Inf 2 6 3 3 5 10 3 4 2 9
22 22 21 18 7 1 20 12 17 2 5 20 7 11 Inf 7 6 4 5
21 5 13 8 20 8 10 13 17 13 20 Inf 8 6 3 4 16 5 Inf
25 12 Inf 19 Inf 19 6 5 3 7 12 4 11 Inf 20 7 10 18 14
22 4 8 2 22 16 11 21 3 19 15 5 14 Inf 5 2 16 Inf Inf
22 17 18 Inf 14 11 17 14 14 Inf Inf 22 Inf Inf 8 4 14 13 8
23 15 10 14 1 16 Inf Inf 21 15 4 Inf 16 6 Inf Inf 4 3 21
22 3 5 17 19 19 5 20 Inf 11 1 10 6 18 21 Inf Inf 8 3
22 20 8 13 17 21 4 13 17 Inf 8 16 17 12 1 5 6 2 7
25 10 23 21 3 11 21 19 3 24 1 16 15 16 2 8 5 9 3
23 Inf 6 1 9 5 19 22 3 6 18 20 20 23 10 13 14 Inf 19
21 11 Inf 8 10 9 9 4 9 17 19 Inf 2 13 4 1 5 17 15
22 1 3 2 15 7 12 7 3 8 2 6 12 2 11 17 18 Inf 9
22 5 3 4 14 6 8 2 11 6 14 Inf 20 1 2 Inf 4 7 14
22 10 19 7 14 18 21 4 22 16 18 9 Inf Inf 21 5 5 6 3
22 4 Inf 1 4 3 Inf 22 1 10 Inf 7 3 17 17 7 7 11 19
21 15 15 7 15 21 Inf 15 Inf 5 10 Inf 21 8 4 Inf 8 Inf 5
27 14 7 7 19 25 25 Inf 16 23 8 21 13 16 10 25 Inf 22 5
23 3 20 19 4 16 17 23 21 16 10 16 16 12 Inf 7 23 5 Inf
2 1 2 1 1 1 2 2 2 1 2 2 Inf 2 2 1 2 2 1
26 3 3 10 16 13 Inf 15 1 23 11 10 26 14 3 22 23 1 5
25 1 16 3 1 24 1 7 20 15 19 16 16 18 22 12 8 6 Inf
24 7 9 10 12 7 24 7 14 6 Inf Inf 3 8 2 10 Inf 2 9
22 13 13 14 12 16 8 15 2 21 12 2 1 13 3 10 7 22 1
24 14 7 22 11 9 4 16 3 9 24 17 23 7 Inf 12 20 14 Inf
4 1 2 4 2 1 4 1 Inf 4 1 4 1 4 3 1 4 Inf 2
22 4 21 5 16 16 11 3 18 11 19 2 16 Inf 1 2 21 8 12
10 1 9 8 7 3 3 1 10 2 9 1 6 4 8 7 3 Inf 1
25 24 20 1 3 10 5 2 11 Inf 16 9 18 3 15 16 9 16 9
1 2
1 3
1 4
1 5
1 6
1 7
2 15
3 13
3 24
4 8
4 14
4 16
5 12
5 15
6 9
6 10
6 11
6 13
9 20
9 24
10 18
12 19
13 22
15 17
15 20
15 23
16 21
16 26
17 30
18 26
18 30
20 27
21 33
24 25
25 28
25 30
25 33
25 34
26 31
26 32
26 41
27 29
27 35
27 36
31 37
31 39
32 44
32 45
33 41
35 38
35 42
36 40
36 43
39 51
40 46
42 47
43 48
43 50
46 51
46 48
47 49
47 50
47 52
47 53
49 59
49 61
49 62
50 54
50 55
50 60
50 62
52 56
52 57
53 58
55 63
58 65
59 64
59 66
62 67
66 68
68 69
68 70
68 71
68 72
68 73
68 74
68 75
-1 -1
