75
23 Inf 5 22 22 19 12 19 6 19 23 14 5 2 1 23 10 8 9
24 2 3 17 10 15 20 18 1 3 23 14 7 14 Inf 8 3 3 14
25 Inf Inf 25 20 11 15 13 15 6 9 14 8 Inf 9 1 Inf 11 8
26 Inf 8 24 Inf 7 14 20 Inf 11 7 11 21 6 10 6 22 7 8
23 11 17 21 14 20 15 8 7 Inf 6 Inf 17 21 Inf 22 21 1 6
22 18 2 16 7 10 15 4 2 18 Inf 7 14 2 20 1 3 6 Inf
6 2 1 5 2 3 4 Inf 1 1 3 5 3 6 6 6 6 6 4
22 9 21 14 19 16 3 17 22 21 10 Inf 4 14 6 1 9 5 Inf
23 8 11 8 13 20 14 3 13 9 1 6 15 9 21 8 5 9 19
21 14 3 Inf 1 13 15 14 12 16 20 4 9 21 15 14 15 13 9
22 22 12 13 3 1 9 2 2 6 2 12 10 16 20 2 4 8 3
15 14 13 13 8 13 4 3 8 2 10 3 8 3 8 10 15 13 7
5 1 1 3 3 5 Inf 2 1 4 2 4 Inf 3 2 5 Inf 4 Inf
23 1 12 16 7 19 Inf 10 15 13 3 4 Inf Inf 12 20 9 21 11
4 2 2 2 2 1 4 2 1 1 Inf 3 3 1 4 4 3 3 3
26 14 17 4 1 7 5 6 3 10 4 Inf 15 15 4 Inf 3 4 8
21 21 13 20 16 8 18 Inf 21 5 8 4 Inf 2 Inf 5 5 12 Inf
5 3 2 4 5 4 1 2 1 Inf 1 2 5 5 4 4 1 3 4
24 4 8 18 6 4 14 19 6 19 2 9 14 4 19 21 11 6 23
25 22 23 21 10 22 21 16 22 11 16 11 18 8 24 10 1 Inf 7
26 20 21 11 18 11 Inf Inf 26 8 23 Inf 21 9 13 5 1 20 7
26 23 14 Inf 20 7 25 26 15 16 1 12 25 5 19 4 1 3 1
24 13 15 14 Inf 15 21 15 22 1 10 1 22 6 13 Inf Inf 1 Inf
27 19 6 3 25 6 Inf Inf 2 Inf Inf 17 5 12 3 5 24 4 27
20 10 1 19 5 7 5 9 7 18 5 4 20 17 6 3 20 Inf 4
23 22 7 8 20 14 23 15 Inf 19 3 21 5 22 14 1 2 20 11
25 9 11 23 5 3 4 17 5 Inf 21 7 20 13 1 6 2 13 14
13 13 Inf Inf 1 12 7 4 9 8 3 11 13 2 Inf 8 Inf 2 2
3 2 3 2 2 1 2 1 2 1 3 3 Inf 1 3 2 1 1 3
11 Inf 11 Inf 4 8 10 7 11 10 9 3 3 Inf 2 1 3 1 4
21 Inf 5 5 8 5 Inf Inf 9 14 21 Inf Inf 18 6 2 Inf Inf 10
22 22 7 Inf 5 18 21 14 19 21 12 2 4 11 6 17 Inf 17 6
21 13 12 3 Inf 14 4 1 Inf 5 15 6 18 17 15 9 7 4 Inf
22 1 19 Inf 15 11 5 1 13 4 10 6 19 3 16 15 Inf 22 Inf
25 Inf 1 4 6 6 21 11 16 Inf 22 7 21 5 Inf Inf 11 Inf 5
8 Inf 5 2 2 5 5 3 7 6 3 1 8 8 5 Inf 6 6 1
22 8 4 21 4 14 4 Inf 15 Inf 21 21 4 3 1 20 2 9 12
24 18 5 Inf 7 16 13 Inf 22 10 Inf Inf 14 9 10 3 14 4 20
22 2 5 16 2 18 22 11 4 Inf 14 Inf 4 18 3 1 5 6 9
21 11 1 13 2 10 11 2 12 6 3 Inf 2 8 Inf 15 Inf 10 21
6 3 3 6 3 3 Inf Inf 6 5 Inf 6 3 3 1 1 2 3 4
26 15 Inf 7 Inf 16 Inf 12 20 7 8 22 1 19 6 24 9 4 15
22 2 7 20 16 4 5 7 1 18 10 10 12 17 16 3 19 5 12
6 Inf 3 5 6 5 2 1 2 5 Inf 1 4 1 Inf 4 5 2 6
21 4 21 21 11 21 6 11 9 15 Inf 12 Inf 18 6 4 Inf 1 1
25 11 4 25 4 15 7 10 Inf 16 18 17 5 14 9 Inf 14 20 2
11 10 3 2 3 1 5 10 7 Inf 10 11 11 10 Inf 11 10 3 1
22 13 4 6 17 1 21 5 6 3 17 Inf Inf 6 12 15 6 12 4
21 14 2 19 3 1 6 16 1 21 3 7 16 1 12 20 Inf 15 12
25 21 Inf 19 11 16 22 7 12 21 Inf 12 16 21 5 2 13 9 7
22 9 7 3 6 19 3 20 16 Inf 21 Inf 5 20 16 8 6 19 9
22 21 1 10 1 10 4 16 Inf 10 10 12 6 1 14 1 2 Inf 16
23 12 10 12 Inf 12 Inf 18 10 15 13 1 12 21 1 3 Inf 8 5
22 17 2 Inf 8 22 19 17 19 Inf 2 Inf Inf Inf 13 7 15 3 3
22 22 3 10 4 10 16 1 19 5 12 Inf 18 20 9 1 12 Inf 4
25 6 23 10 1 13 9 11 21 6 Inf 10 4 3 Inf 12 19 Inf 25
23 17 13 2 Inf 20 20 1 Inf 1 15 4 11 18 3 21 6 10 9
21 10 6 16 6 4 2 1 21 Inf 10 18 17 13 2 8 8 17 9
22 5 9 15 Inf Inf Inf 20 16 10 Inf Inf 7 17 5 8 Inf 4 5
22 3 22 9 4 15 5 2 2 1 10 18 18 3 Inf 11 Inf 21 3
22 12 Inf 3 3 10 7 4 3 Inf 6 17 20 Inf 16 2 19 12 19
22 7 19 3 14 18 3 Inf 5 15 17 Inf 4 12 13 1 22 20 2
21 3 9 13 16 3 3 6 Inf 13 9 14 16 18 1 13 21 6 5
27 17 22 8 6 5 5 26 14 26 3 1 Inf 15 26 18 2 23 6
23 1 18 11 14 Inf Inf 19 13 8 Inf 22 16 9 2 22 2 14 20
2 1 1 2 2 2 1 1 1 1 2 2 2 Inf 2 1 1 1 1
26 12 16 20 10 11 Inf 5 5 20 14 Inf 15 1 20 16 17 4 12
25 25 17 24 Inf 11 19 6 11 15 Inf 1 5 6 12 19 22 16 25
24 Inf 18 12 7 9 2 2 4 6 13 9 14 Inf 4 13 1 18 Inf
22 2 4 Inf 13 3 5 1 6 5 22 Inf 11 19 13 6 11 Inf 7
24 2 6 14 12 13 13 18 17 17 15 18 7 21 24 4 17 8 13
4 Inf Inf 3 1 3 4 1 Inf 1 1 4 4 2 3 4 2 Inf 1
22 14 3 19 6 2 5 14 Inf 21 6 5 20 5 1 7 Inf 8 15
10 3 9 Inf 6 6 2 4 5 7 3 4 5 6 8 4 9 2 5
25 14 5 4 8 6 23 2 10 4 14 11 4 Inf 8 17 3 4 3
1 2
1 3
1 4
1 5
1 6
1 7
2 15
3 13
3 24
4 8
4 14
4 16
5 12
5 15
6 9
6 10
6 11
6 13
9 20
9 24
10 18
12 19
13 22
15 17
15 20
15 23
16 21
16 26
17 30
18 26
18 30
20 27
21 33
24 25
25 28
25 30
25 33
25 34
26 31
26 32
26 41
27 29
27 35
27 36
31 37
31 39
32 44
32 45
33 41
35 38
35 42
36 40
36 43
39 51
40 46
42 47
43 48
43 50
46 51
46 48
47 49
47 50
47 52
47 53
49 59
49 61
49 62
50 54
50 55
50 60
50 62
52 56
52 57
53 58
55 63
58 65
59 64
59 66
62 67
66 68
68 69
68 70
68 71
68 72
68 73
68 74
68 75
-1 -1
