75
23 15 Inf 8 Inf 20 Inf 16 Inf Inf 4
24 22 2 7 6 12 21 9 7 Inf Inf
25 5 Inf 11 17 11 11 19 21 Inf 21
26 19 Inf 10 19 25 Inf 3 Inf 12 14
23 Inf 20 17 Inf 4 13 13 Inf 21 9
22 22 Inf 12 11 3 19 4 7 1 Inf
6 4 4 3 Inf 2 1 2 2 4 2
22 9 7 13 13 21 5 21 6 5 21
23 6 5 16 6 19 17 1 18 1 13
21 Inf 19 10 9 9 18 21 14 7 3
22 11 14 10 Inf 4 16 22 7 3 Inf
15 2 15 14 10 11 1 4 9 Inf 2
5 1 4 Inf Inf 5 1 2 2 3 2
23 1 9 4 20 20 8 19 9 3 14
4 1 1 1 1 Inf 1 1 3 3 3
26 12 26 9 10 21 18 18 21 6 Inf
21 2 17 3 20 Inf 3 21 21 13 Inf
5 5 5 5 1 3 4 2 4 2 2
24 4 19 21 2 2 Inf Inf 23 18 13
25 19 16 Inf 18 8 5 15 4 17 24
26 19 8 3 21 21 5 8 3 Inf 17
26 15 20 8 1 7 13 2 Inf 11 2
24 2 16 2 22 19 22 7 21 15 8
27 16 7 7 22 26 10 16 27 2 13
20 Inf 5 4 17 17 20 Inf 19 14 7
23 21 20 16 12 2 18 10 14 20 21
25 Inf 25 9 14 Inf 14 Inf Inf 17 1
13 Inf 2 11 9 3 8 12 5 4 4
3 Inf 1 3 2 3 2 1 3 1 3
11 11 6 9 Inf 9 5 8 7 1 Inf
21 Inf 1 12 Inf 19 Inf 20 7 20 Inf
22 11 10 21 2 18 2 18 16 8 5
21 7 20 20 18 15 5 14 8 19 11
22 18 10 13 3 2 6 9 2 20 Inf
25 23 16 12 7 13 4 20 Inf 9 1
8 8 2 1 6 2 4 3 2 Inf 3
22 2 Inf 7 15 10 19 Inf 2 7 Inf
24 4 19 19 Inf 16 17 5 17 17 23
22 11 13 2 8 15 13 15 20 1 20
21 14 8 19 7 14 21 6 14 4 18
6 5 6 2 5 3 1 2 3 4 4
26 17 18 25 10 20 2 16 Inf 18 18
22 6 11 13 19 22 2 22 7 4 22
6 1 5 4 4 4 1 5 5 4 3
21 Inf Inf 3 17 10 9 6 15 19 20
25 19 2 13 6 10 Inf 18 19 5 Inf
11 8 1 Inf 6 2 5 7 6 Inf 11
22 11 14 Inf 10 6 14 4 16 Inf 20
21 19 9 1 Inf 16 5 5 17 5 21
25 24 18 8 22 3 17 6 11 21 Inf
22 4 15 3 Inf 9 10 15 4 14 5
22 22 21 1 3 18 21 18 Inf Inf Inf
23 Inf 21 20 11 13 1 21 12 1 7
22 14 10 17 11 4 21 Inf 4 14 22
22 16 4 21 19 13 13 1 19 2 Inf
25 22 10 18 17 10 24 7 16 Inf 13
23 11 15 Inf 8 4 23 18 22 1 20
21 16 8 10 11 17 14 Inf 7 Inf 18
22 14 15 6 Inf 16 5 8 13 13 3
22 9 Inf 17 Inf 20 7 3 11 15 6
22 13 3 4 14 Inf Inf 10 7 16 2
22 21 14 5 14 20 8 7 4 4 19
21 1 14 15 Inf 16 10 4 11 1 8
27 2 5 24 5 10 1 1 27 8 13
23 23 Inf 19 15 1 1 5 2 15 6
2 2 1 1 Inf 2 1 2 1 1 1
26 Inf 18 Inf 14 25 19 20 4 13 16
25 7 20 23 2 16 14 Inf 20 8 23
24 14 12 Inf 18 8 3 Inf 8 2 15
22 15 1 17 12 19 22 11 5 14 16
24 7 8 15 24 14 8 10 9 24 Inf
4 1 1 4 4 3 3 3 3 1 1
22 17 22 22 2 Inf 4 19 15 15 9
10 4 Inf 5 7 Inf 7 3 7 3 5
25 1 6 3 18 23 4 22 5 23 2
1 2
1 3
1 4
1 5
1 6
1 7
2 15
3 13
3 24
4 8
4 14
4 16
5 12
5 15
6 9
6 10
6 11
6 13
9 20
9 24
10 18
12 19
13 22
15 17
15 20
15 23
16 21
16 26
17 30
18 26
18 30
20 27
21 33
24 25
25 28
25 30
25 33
25 34
26 31
26 32
26 41
27 29
27 35
27 36
31 37
31 39
32 44
32 45
33 41
35 38
35 42
36 40
36 43
39 51
40 46
42 47
43 48
43 50
46 51
46 48
47 49
47 50
47 52
47 53
49 59
49 61
49 62
50 54
50 55
50 60
50 62
52 56
52 57
53 58
55 63
58 65
59 64
59 66
62 67
66 68
68 69
68 70
68 71
68 72
68 73
68 74
68 75
-1 -1
