75
23 7 8 1 13 20 Inf 4 Inf 2 6 3 20 Inf 6 7 10 21 8
24 20 5 19 13 8 7 1 17 Inf 1 21 14 6 2 4 1 17 24
25 19 18 5 7 15 18 Inf 1 1 15 22 10 6 4 4 9 25 6
26 21 5 13 21 Inf 3 1 2 13 Inf 3 Inf 2 Inf 9 7 1 3
23 8 11 21 9 Inf 9 Inf 16 1 Inf Inf 21 4 17 Inf 6 Inf 14
22 5 21 4 8 3 20 17 17 19 20 Inf Inf 13 11 2 1 5 19
6 Inf 6 3 Inf 6 4 1 1 5 5 3 3 2 3 3 1 5 2
22 21 Inf 13 16 Inf 12 3 22 5 19 4 19 13 4 19 7 11 16
23 Inf 18 8 6 6 21 4 Inf 14 23 Inf 8 19 15 4 9 12 8
21 Inf 16 13 Inf 9 2 21 21 Inf 13 12 2 18 11 16 Inf 15 Inf
22 6 22 6 Inf 8 15 4 19 11 4 8 11 5 11 Inf 21 2 13
15 9 Inf 8 2 2 14 Inf 13 8 10 2 4 9 4 Inf 2 13 Inf
5 4 3 3 3 1 3 5 5 Inf 2 1 3 3 2 5 3 Inf 1
23 2 21 15 5 3 20 3 4 9 21 13 21 9 7 10 14 3 20
4 4 4 Inf 1 1 Inf 2 4 1 2 2 3 1 2 4 3 1 2
26 Inf 13 1 25 1 Inf 5 12 15 16 Inf 1 20 11 16 11 6 16
21 1 4 7 11 17 18 10 1 13 21 16 6 21 14 10 17 11 1
5 1 1 5 4 Inf 5 Inf 4 2 1 4 2 4 2 2 4 4 4
24 20 23 13 3 6 12 13 14 21 16 13 9 3 9 1 6 6 9
25 6 10 15 5 2 24 12 10 15 24 Inf 13 5 20 23 Inf 24 9
26 8 7 Inf 7 25 7 19 Inf 3 14 Inf 12 1 18 3 3 19 2
26 2 5 25 8 16 21 1 19 14 8 7 7 Inf 20 25 10 17 18
24 15 3 16 6 6 Inf 8 2 2 4 5 9 21 19 15 13 5 21
27 12 13 22 10 27 20 Inf 20 21 6 1 5 15 13 23 27 9 Inf
20 8 12 18 10 10 6 16 11 13 1 7 13 Inf 14 8 20 3 6
23 Inf 21 Inf 15 13 4 20 2 7 16 5 17 4 7 5 Inf Inf 3
25 7 1 2 22 13 13 Inf 11 24 23 24 2 8 20 13 4 4 9
13 Inf Inf 7 6 13 3 13 9 Inf 12 8 9 13 13 1 5 6 8
3 3 3 1 2 1 1 2 2 Inf 2 3 1 Inf 1 3 1 2 1
11 8 1 9 7 1 Inf 10 3 8 7 2 6 7 4 4 5 8 3
21 Inf 5 21 9 1 5 6 8 5 3 2 11 19 7 8 20 16 7
22 16 17 16 18 14 21 14 11 2 9 21 1 20 Inf 20 Inf 18 16
21 8 Inf 17 Inf Inf 7 8 10 3 18 9 3 18 12 14 2 Inf 8
22 17 2 Inf 7 14 17 19 1 18 19 3 7 1 1 Inf 1 1 4
25 7 7 4 1 25 2 Inf 15 19 25 20 3 10 Inf 7 13 7 4
8 6 1 3 2 Inf Inf 4 2 8 3 4 6 7 5 8 Inf 7 7
22 4 8 10 1 13 12 Inf 22 5 10 Inf 20 7 6 8 17 10 7
24 20 6 5 4 4 12 4 15 9 15 10 13 21 4 18 10 Inf 4
22 7 4 19 20 8 1 1 14 Inf 3 16 13 5 15 12 5 6 16
21 3 Inf 6 Inf Inf 17 10 11 Inf 11 1 21 8 11 16 2 3 1
6 1 5 Inf 1 2 2 6 5 5 5 3 2 6 5 4 2 6 5
26 19 14 19 Inf 13 2 22 21 Inf Inf 19 15 20 8 4 22 Inf 5
22 Inf 1 6 1 16 10 17 3 12 2 13 Inf 1 21 Inf 18 8 3
6 Inf 5 1 6 5 4 2 1 3 1 5 Inf 5 4 4 5 3 5
21 17 6 8 7 21 Inf Inf 2 19 Inf 5 Inf 6 18 2 14 5 Inf
25 9 2 9 6 17 14 22 10 18 12 20 Inf 5 Inf 2 Inf 11 20
11 5 8 3 Inf 5 6 1 10 2 Inf Inf 11 6 6 Inf 5 10 7
22 15 7 3 10 9 4 12 21 6 16 5 11 11 4 9 8 6 18
21 6 18 3 1 5 3 4 13 4 14 8 6 12 12 1 6 17 1
25 7 1 10 6 18 19 17 6 9 22 22 Inf 16 Inf 19 1 4 Inf
22 22 Inf 8 13 3 3 Inf 22 16 22 4 Inf 19 Inf 20 15 4 Inf
22 4 11 1 13 2 1 Inf Inf 19 15 4 2 3 11 1 3 6 10
23 Inf 8 Inf Inf 4 16 16 9 22 22 5 16 Inf 23 Inf 5 18 23
22 7 19 2 6 11 10 7 10 13 Inf 8 8 14 Inf Inf 19 Inf Inf
22 10 Inf 9 4 Inf Inf 3 1 9 9 5 6 5 19 1 5 17 4
25 2 22 20 10 21 9 24 3 14 25 25 8 10 7 1 24 21 9
23 5 9 3 12 12 16 Inf 6 1 3 Inf 2 4 21 8 18 13 6
21 6 Inf 12 Inf 2 6 13 3 1 8 Inf 15 3 Inf 8 Inf Inf 2
22 Inf 6 4 16 16 5 1 18 8 19 7 1 18 21 6 5 16 17
22 17 5 2 15 15 14 17 Inf 13 19 1 19 Inf Inf 16 16 7 7
22 11 19 15 3 10 12 1 17 22 5 Inf Inf 4 5 14 20 3 16
22 21 7 Inf 17 Inf 13 Inf 13 20 2 16 4 19 7 5 Inf 8 3
21 2 11 16 8 Inf 11 Inf 15 Inf 20 10 2 17 11 15 18 13 5
27 3 3 18 10 2 15 6 24 Inf 18 3 1 10 20 23 2 27 12
23 17 14 6 16 6 Inf 15 12 11 15 9 17 3 12 20 8 21 Inf
2 1 1 1 2 1 2 2 2 2 1 Inf Inf 2 1 1 Inf 1 2
26 6 20 3 1 4 7 15 12 7 12 15 26 3 10 11 Inf 15 23
25 3 15 14 1 11 7 10 2 21 Inf 8 15 22 20 19 6 19 20
24 12 15 16 6 19 9 4 11 8 4 Inf 2 21 15 11 17 4 Inf
22 3 12 15 7 16 Inf 17 10 18 22 20 8 19 10 7 22 11 Inf
24 18 2 3 12 18 15 15 4 Inf 13 2 23 3 22 16 Inf Inf 5
4 1 Inf Inf Inf 2 4 3 1 3 4 Inf Inf 2 Inf 1 3 Inf 4
22 16 6 Inf 15 18 5 16 7 13 12 3 17 4 15 18 19 Inf 7
10 1 3 1 1 9 5 8 1 4 7 10 3 9 10 2 2 6 7
25 3 19 10 1 4 11 22 Inf 22 14 2 9 22 1 22 5 8 1
1 2
1 3
1 4
1 5
1 6
1 7
2 15
3 13
3 24
4 8
4 14
4 16
5 12
5 15
6 9
6 10
6 11
6 13
9 20
9 24
10 18
12 19
13 22
15 17
15 20
15 23
16 21
16 26
17 30
18 26
18 30
20 27
21 33
24 25
25 28
25 30
25 33
25 34
26 31
26 32
26 41
27 29
27 35
27 36
31 37
31 39
32 44
32 45
33 41
35 38
35 42
36 40
36 43
39 51
40 46
42 47
43 48
43 50
46 51
46 48
47 49
47 50
47 52
47 53
49 59
49 61
49 62
50 54
50 55
50 60
50 62
52 56
52 57
53 58
55 63
58 65
59 64
59 66
62 67
66 68
68 69
68 70
68 71
68 72
68 73
68 74
68 75
-1 -1
