75
23 Inf Inf 3 5 Inf 5 18 12 9 7
24 5 11 17 11 15 14 23 4 5 18
25 22 22 23 18 16 Inf 14 22 12 Inf
26 Inf 7 8 3 14 21 17 24 15 Inf
23 14 16 2 Inf 8 5 4 20 2 12
22 5 13 Inf 15 16 2 9 22 14 4
6 5 2 1 5 4 6 6 4 Inf 1
22 3 5 4 18 5 15 6 2 8 Inf
23 6 22 Inf 22 Inf 4 19 7 5 21
21 6 17 12 5 Inf 11 8 17 12 6
22 21 17 22 6 14 12 12 6 15 4
15 10 5 15 14 15 6 14 Inf 6 11
5 4 4 Inf 3 3 1 5 3 5 3
23 22 18 20 Inf 11 8 Inf 17 1 20
4 3 4 4 1 4 Inf 3 2 1 Inf
26 11 13 8 Inf 8 4 1 19 21 1
21 Inf 5 19 3 Inf 21 10 9 6 Inf
5 2 5 1 3 2 5 4 5 1 4
24 23 19 17 24 3 12 23 1 2 Inf
25 23 10 2 24 19 2 Inf 16 22 24
26 Inf 20 21 8 8 11 17 5 16 5
26 16 18 1 23 Inf 24 18 18 1 Inf
24 2 3 11 24 15 15 Inf 12 13 10
27 17 11 16 9 1 17 4 Inf Inf 12
20 7 6 8 Inf 3 12 Inf 7 17 7
23 6 3 16 4 10 22 10 7 Inf 6
25 1 Inf 25 25 8 2 23 Inf 14 24
13 Inf Inf 10 11 Inf 6 2 12 10 13
3 3 Inf 2 1 2 1 Inf 2 1 2
11 1 6 Inf 4 7 10 Inf 3 9 Inf
21 15 5 11 12 4 3 21 Inf 18 5
22 21 4 21 17 10 20 8 6 Inf 15
21 6 5 1 9 Inf 5 13 2 16 8
22 21 17 Inf 5 10 15 5 18 22 3
25 18 21 23 1 11 9 8 4 11 21
8 1 3 Inf 4 3 8 6 1 8 6
22 1 1 16 22 Inf 16 11 12 2 14
24 15 Inf 2 20 7 7 6 2 Inf 14
22 22 21 4 12 11 16 5 1 19 19
21 Inf 17 9 Inf 15 1 17 6 12 6
6 6 2 2 3 6 6 2 6 5 3
26 24 Inf 4 1 16 7 25 22 14 21
22 20 7 18 1 18 2 5 2 21 9
6 3 6 3 3 6 5 4 1 5 6
21 12 7 13 3 1 4 20 3 18 21
25 10 16 8 10 4 3 23 14 21 8
11 7 10 10 3 5 10 Inf 2 Inf 9
22 8 6 22 Inf 8 3 18 Inf 20 Inf
21 5 21 14 15 16 5 17 5 4 19
25 23 2 Inf 15 Inf 19 20 16 1 25
22 18 22 2 Inf Inf 15 14 9 3 7
22 17 3 8 22 13 20 14 16 12 14
23 23 Inf 17 16 18 Inf 6 19 6 19
22 19 Inf 16 3 8 4 5 12 21 10
22 3 18 9 19 7 12 Inf 1 14 10
25 19 12 22 4 22 6 24 3 12 1
23 21 23 5 23 15 12 7 6 5 2
21 8 19 21 19 5 9 2 2 9 20
22 21 19 3 16 5 19 16 Inf 6 12
22 Inf 1 3 5 5 4 18 Inf 21 Inf
22 22 6 Inf 14 6 21 8 12 Inf Inf
22 Inf 20 5 13 6 19 11 18 11 8
21 9 7 14 4 1 11 19 9 3 16
27 1 8 Inf Inf 6 8 26 15 21 9
23 7 3 7 6 5 17 1 18 20 10
2 2 1 1 Inf Inf 1 1 1 1 2
26 Inf 12 2 22 5 8 4 3 10 2
25 7 1 2 7 21 1 7 Inf Inf 19
24 8 1 2 Inf 16 12 17 8 5 12
22 15 6 16 12 18 14 2 14 1 3
24 12 21 15 2 20 11 6 7 20 8
4 Inf 3 Inf 3 4 4 4 2 Inf 2
22 20 4 21 14 4 16 6 8 6 21
10 8 5 7 3 Inf 6 9 Inf 5 7
25 2 19 18 Inf 3 8 1 13 5 6
1 2
1 3
1 4
1 5
1 6
1 7
2 15
3 13
3 24
4 8
4 14
4 16
5 12
5 15
6 9
6 10
6 11
6 13
9 20
9 24
10 18
12 19
13 22
15 17
15 20
15 23
16 21
16 26
17 30
18 26
18 30
20 27
21 33
24 25
25 28
25 30
25 33
25 34
26 31
26 32
26 41
27 29
27 35
27 36
31 37
31 39
32 44
32 45
33 41
35 38
35 42
36 40
36 43
39 51
40 46
42 47
43 48
43 50
46 51
46 48
47 49
47 50
47 52
47 53
49 59
49 61
49 62
50 54
50 55
50 60
50 62
52 56
52 57
53 58
55 63
58 65
59 64
59 66
62 67
66 68
68 69
68 70
68 71
68 72
68 73
68 74
68 75
-1 -1
