75
23 28 25 19 17 39 45 2 18 16 12 42 4 14 46 Inf 36 14 Inf
24 20 24 43 18 5 36 8 26 1 31 12 27 39 25 33 1 46 12
25 5 26 36 1 8 6 15 5 23 5 Inf 26 44 19 14 41 43 28
26 15 13 37 10 13 14 11 Inf 24 48 19 15 27 10 37 50 16 21
23 24 9 20 25 42 13 21 28 23 46 19 33 33 8 17 17 33 9
22 Inf Inf 9 14 23 36 30 5 1 15 29 4 41 43 30 Inf Inf 8
6 12 4 12 4 9 12 Inf 4 4 5 10 2 Inf 4 9 4 2 6
22 5 27 1 16 14 6 Inf 15 5 1 39 35 26 17 42 42 8 26
23 37 27 7 Inf 29 11 5 6 11 Inf 20 7 13 15 45 Inf 30 12
21 34 30 23 14 30 40 35 21 18 8 7 33 15 2 33 13 27 39
22 5 24 14 5 38 Inf 40 26 17 8 39 7 11 18 3 10 2 10
15 8 11 10 25 Inf 12 28 10 21 4 Inf 10 27 4 4 26 6 Inf
5 2 7 5 5 5 Inf 10 6 3 Inf Inf 9 1 1 2 7 8 1
23 1 13 38 15 8 30 33 23 43 43 34 24 44 Inf 6 8 7 21
4 3 1 1 3 6 7 Inf 2 7 8 7 Inf 3 5 7 8 5 8
26 15 Inf 37 23 18 Inf 2 16 35 2 31 34 32 20 7 34 13 50
21 Inf 13 4 41 37 7 2 Inf 40 11 13 Inf 20 2 32 42 17 10
5 2 6 1 2 4 10 1 9 Inf 2 7 6 2 7 7 8 8 9
24 Inf 30 36 Inf 29 31 Inf 43 40 3 2 3 3 40 23 27 39 34
25 45 48 24 17 50 42 24 41 2 26 38 Inf 28 17 45 17 Inf 9
26 49 42 40 13 46 25 37 21 1 Inf 27 2 Inf 9 37 34 24 4
26 18 44 14 20 28 34 13 31 31 27 48 1 42 Inf 39 31 41 10
24 4 40 6 22 33 20 47 24 1 3 23 34 Inf 10 13 15 14 11
27 Inf 31 11 22 43 52 32 39 28 29 11 20 34 10 32 Inf 6 2
20 17 17 1 26 8 40 19 5 5 24 Inf 33 24 14 27 Inf 40 38
23 34 16 15 40 Inf 32 28 30 1 15 7 46 15 5 21 19 38 44
25 22 11 38 Inf 20 32 33 Inf 20 35 44 25 32 8 Inf 29 Inf Inf
13 19 Inf 23 Inf 15 Inf 3 11 8 Inf 9 12 3 16 20 17 26 21
3 2 5 Inf 3 1 1 4 3 4 3 1 2 5 3 4 2 2 Inf
11 11 13 7 15 Inf 15 12 Inf 6 9 Inf 11 17 9 1 19 20 19
21 42 Inf 36 29 41 33 35 Inf 40 Inf 33 16 4 1 25 12 22 12
22 Inf 31 27 23 10 32 9 28 35 33 31 36 36 41 Inf 43 Inf Inf
21 Inf 12 32 26 Inf 8 23 Inf 12 15 5 Inf 13 5 38 12 32 2
22 19 36 22 Inf 18 Inf 18 12 39 31 41 13 40 42 27 9 26 1
25 31 49 2 17 1 48 Inf 24 Inf Inf 20 12 7 17 44 7 39 Inf
8 5 7 3 11 12 Inf 5 8 9 Inf 4 7 10 9 4 1 1 10
22 18 37 16 5 10 40 11 12 40 4 6 32 20 21 32 32 Inf 14
24 Inf 27 45 26 17 47 21 18 36 3 28 19 4 26 27 8 8 25
22 Inf 9 1 Inf 16 3 44 20 12 Inf 33 Inf 12 20 11 28 4 19
21 9 Inf 27 42 14 23 Inf 2 1 6 35 Inf 32 5 2 14 14 Inf
6 7 3 7 2 12 1 5 9 6 2 5 6 7 Inf 10 7 11 6
26 15 18 19 Inf 51 6 Inf 15 50 47 43 3 Inf 25 21 33 15 45
22 22 9 24 18 Inf 9 17 Inf 35 Inf Inf 1 22 43 41 18 39 Inf
6 6 Inf 9 7 Inf 12 1 3 9 Inf 1 9 11 6 1 4 8 Inf
21 8 14 33 14 25 Inf 27 29 34 18 8 15 32 41 15 Inf 36 33
25 7 17 8 16 1 48 23 49 13 4 34 1 14 27 14 2 39 34
11 3 15 15 21 5 6 8 3 2 4 9 7 12 13 21 9 8 4
22 35 43 16 28 37 Inf 1 7 25 2 25 7 27 Inf 24 1 6 38
21 29 7 5 3 22 Inf 34 30 Inf 14 30 36 9 41 14 21 15 12
25 4 8 44 2 1 3 37 33 23 17 34 6 19 27 32 41 17 8
22 44 4 21 20 35 35 41 5 5 Inf 38 21 40 2 17 24 Inf 8
22 5 Inf Inf 5 24 7 41 14 40 2 16 7 17 12 42 27 5 30
23 8 Inf 42 9 4 41 16 34 26 23 Inf 5 29 11 Inf 41 34 11
22 4 34 8 41 35 8 10 35 5 25 31 32 43 22 13 15 Inf 9
22 17 Inf 12 Inf 37 35 35 2 43 43 12 34 6 38 25 37 23 15
25 2 38 13 40 31 8 39 11 9 26 41 15 7 6 35 30 17 Inf
23 11 24 10 5 Inf 35 17 39 7 33 42 21 8 19 22 20 38 20
21 3 2 Inf 4 10 36 24 5 31 3 10 26 14 35 42 4 9 21
22 42 4 31 9 17 39 28 24 7 11 6 43 43 11 37 12 37 5
22 14 4 11 Inf 30 4 6 6 42 22 10 25 10 8 3 26 Inf 3
22 4 Inf 28 17 19 6 36 10 28 17 22 3 41 44 Inf 28 15 5
22 11 35 40 10 Inf 8 38 Inf 6 7 19 35 31 37 39 24 20 32
21 2 1 11 21 11 32 31 4 27 24 25 Inf Inf 19 21 16 8 25
27 Inf Inf Inf 31 51 5 4 32 Inf 11 1 8 53 31 11 50 44 36
23 36 37 4 Inf 20 35 34 9 11 9 Inf 37 21 40 Inf Inf 12 38
2 2 1 1 1 3 Inf 4 3 4 1 1 1 2 3 4 Inf 1 1
26 50 Inf 47 26 27 12 52 25 Inf 14 5 8 5 23 5 29 12 Inf
25 40 17 41 34 8 12 Inf 40 20 7 21 33 40 Inf 5 47 Inf 11
24 32 42 28 40 18 Inf 14 3 Inf 18 28 2 44 5 39 22 16 21
22 10 35 Inf 32 11 Inf 9 37 17 12 2 30 13 23 30 Inf 19 6
24 33 35 27 44 13 19 10 17 38 36 Inf 42 30 17 42 31 14 Inf
4 5 4 Inf 7 5 6 6 1 2 2 7 4 Inf 2 4 1 4 3
22 41 20 35 1 Inf 24 Inf 41 13 22 38 20 7 35 23 24 21 12
10 Inf 8 5 10 3 11 20 20 16 2 9 5 20 6 14 7 8 10
25 4 3 31 32 44 4 5 1 18 44 4 1 3 45 10 23 1 Inf
1 2
1 3
1 4
1 5
1 6
1 7
2 15
3 13
3 24
4 8
4 14
4 16
5 12
5 15
6 9
6 10
6 11
6 13
9 20
9 24
10 18
12 19
13 22
15 17
15 20
15 23
16 21
16 26
17 30
18 26
18 30
20 27
21 33
24 25
25 28
25 30
25 33
25 34
26 31
26 32
26 41
27 29
27 35
27 36
31 37
31 39
32 44
32 45
33 41
35 38
35 42
36 40
36 43
39 51
40 46
42 47
43 48
43 50
46 51
46 48
47 49
47 50
47 52
47 53
49 59
49 61
49 62
50 54
50 55
50 60
50 62
52 56
52 57
53 58
55 63
58 65
59 64
59 66
62 67
66 68
68 69
68 70
68 71
68 72
68 73
68 74
68 75
-1 -1
