75
23 9 43 35 40 3 Inf 2 13 15 40 10 46 40 10 31 39 24 28
24 20 22 6 41 Inf 47 48 Inf 16 Inf 40 23 11 38 46 30 27 38
25 37 4 20 21 34 9 8 24 47 20 4 25 49 28 9 5 42 46
26 6 49 6 25 20 6 30 6 Inf 26 13 21 23 16 26 Inf 41 2
23 17 Inf 32 9 35 37 32 26 Inf 39 14 24 21 21 30 40 20 30
22 10 16 Inf 31 28 Inf Inf Inf 37 Inf 44 5 37 2 12 Inf 40 21
6 10 Inf 11 8 8 3 3 1 6 4 10 5 1 12 10 1 9 10
22 Inf 41 12 13 12 2 28 2 25 39 Inf 24 33 31 8 3 17 43
23 17 23 4 40 5 13 3 34 21 21 27 41 14 18 19 40 4 6
21 31 Inf 34 29 23 19 4 4 3 Inf 28 Inf 26 32 29 20 7 3
22 24 15 40 28 11 Inf 10 23 10 35 30 1 32 20 19 11 8 Inf
15 4 4 15 6 9 1 3 24 7 29 28 14 Inf Inf Inf 11 13 13
5 7 7 10 5 7 10 4 5 1 5 1 4 2 6 4 2 5 Inf
23 2 25 24 10 21 32 1 10 29 8 21 42 24 18 Inf 15 2 25
4 4 5 1 Inf 7 2 6 8 Inf 4 4 3 2 1 4 6 4 6
26 27 1 1 18 7 Inf Inf 46 14 11 5 25 48 1 38 Inf 15 6
21 27 Inf 25 26 18 38 16 Inf 3 26 19 31 3 14 38 32 8 35
5 1 5 5 5 2 2 10 3 8 1 1 9 4 9 6 1 7 9
24 39 23 Inf 18 40 23 22 6 16 11 14 10 26 2 7 19 11 7
25 20 34 21 10 23 3 45 24 34 43 10 41 8 13 45 4 41 13
26 45 13 1 1 42 13 23 26 41 36 26 1 16 Inf 2 14 25 48
26 43 22 40 39 49 8 17 1 5 5 44 43 48 26 17 46 19 4
24 Inf 21 3 30 12 20 46 9 34 29 29 17 44 45 26 44 17 27
27 19 Inf Inf 2 Inf 15 14 39 45 2 Inf 50 17 Inf 48 38 48 26
20 37 36 9 25 25 Inf 11 21 33 26 22 5 20 36 19 27 Inf 8
23 21 3 28 8 39 46 16 3 17 23 Inf 3 28 14 37 37 21 8
25 42 50 6 43 47 6 43 42 31 5 40 33 18 22 Inf Inf 25 9
13 7 3 2 12 2 23 Inf 12 20 7 Inf 22 9 7 18 12 16 6
3 3 1 4 4 2 Inf Inf 6 5 4 Inf 1 3 4 5 Inf 2 6
11 14 20 13 13 5 1 11 Inf Inf 6 Inf 3 22 16 19 18 22 22
21 17 11 23 24 37 7 18 39 24 27 6 33 18 Inf 37 25 36 9
22 35 5 25 27 44 17 9 2 1 27 19 Inf 22 35 1 24 2 11
21 6 27 Inf 5 34 Inf 29 Inf 10 8 12 Inf 22 11 Inf 19 39 29
22 16 31 12 8 Inf 8 9 Inf 5 13 17 36 29 35 Inf 26 Inf 18
25 8 18 Inf Inf 45 33 8 18 5 23 29 Inf 39 30 5 33 6 42
8 Inf 14 15 13 8 6 12 13 7 3 2 2 3 1 15 3 15 12
22 2 15 10 8 11 26 10 34 21 29 4 16 24 8 30 39 Inf 24
24 31 33 39 Inf Inf 10 Inf 4 15 Inf 26 28 13 11 13 27 3 Inf
22 38 23 27 40 17 40 15 1 19 2 17 Inf 27 Inf Inf Inf 7 13
21 13 12 13 3 25 Inf 15 23 39 Inf 31 22 6 8 29 13 Inf 25
6 2 12 2 Inf 1 5 1 5 5 10 9 5 2 2 3 Inf 6 6
26 7 32 6 Inf 42 44 37 44 Inf Inf 45 6 34 36 24 10 15 47
22 36 43 16 34 5 21 4 4 40 36 21 Inf 36 39 32 43 5 42
6 Inf 1 Inf 2 8 2 7 Inf 10 6 11 4 11 2 9 6 11 2
21 8 36 Inf 1 36 16 12 Inf 6 7 4 31 6 33 6 13 1 14
25 Inf 39 24 22 26 41 30 15 7 50 13 3 29 27 38 19 37 Inf
11 Inf 2 Inf 22 5 15 10 19 5 3 5 Inf 2 13 4 16 2 Inf
22 26 44 20 22 11 30 15 Inf 10 38 35 Inf Inf 3 Inf 12 1 13
21 41 33 1 Inf 25 42 3 8 3 40 36 Inf 11 33 30 24 Inf 37
25 29 11 Inf Inf 14 43 7 25 17 14 Inf 44 39 36 43 42 6 45
22 24 34 5 17 7 29 27 1 31 35 15 18 44 24 3 19 5 25
22 26 33 36 11 39 Inf 19 24 44 Inf 3 20 6 Inf 40 10 25 12
23 41 25 13 9 41 29 36 4 20 35 10 Inf 30 2 13 12 29 42
22 33 21 Inf 41 10 26 4 20 18 30 6 30 5 20 10 1 16 4
22 29 Inf 6 25 2 38 4 15 7 Inf 21 Inf 14 36 42 5 11 41
25 Inf 28 39 14 Inf 34 15 45 Inf 32 7 11 Inf 3 4 49 10 2
23 36 27 10 26 25 19 15 16 12 Inf 7 32 4 11 26 9 10 9
21 31 2 16 12 10 29 35 3 24 Inf 28 Inf 8 32 31 12 8 24
22 14 3 30 38 8 17 4 31 36 8 Inf 2 43 16 12 32 21 4
22 9 4 38 40 34 Inf 34 26 2 27 36 9 43 Inf 4 10 Inf 30
22 41 11 Inf 12 11 12 2 3 37 39 10 43 24 39 35 Inf 6 Inf
22 7 26 43 41 1 37 6 32 9 Inf 31 4 1 43 9 Inf 32 41
21 34 Inf Inf 3 30 Inf 13 Inf 17 10 16 38 39 6 24 Inf 42 Inf
27 46 3 33 30 Inf 23 1 50 54 Inf 22 20 44 54 2 43 41 42
23 3 43 2 30 15 45 11 42 Inf 4 Inf 42 44 2 44 37 27 2
2 4 Inf 4 Inf 3 1 Inf 4 Inf 1 1 Inf 2 4 2 2 1 4
26 4 19 14 48 7 32 13 49 20 Inf 6 50 Inf 9 33 18 30 28
25 46 21 43 2 18 11 Inf 41 9 31 37 34 18 36 48 Inf 47 2
24 1 5 Inf 9 31 2 48 24 33 28 39 37 10 4 40 36 Inf 17
22 10 33 31 41 20 23 7 38 7 34 20 10 6 Inf 16 18 29 7
24 11 28 31 28 40 35 5 38 7 40 11 12 4 6 24 20 27 Inf
4 5 4 6 2 3 4 7 7 7 3 Inf 4 3 1 2 1 2 Inf
22 23 21 18 22 32 24 28 25 23 29 30 32 24 40 27 3 4 Inf
10 5 Inf 5 6 15 2 Inf Inf 5 Inf 4 2 13 16 19 12 14 Inf
25 14 26 Inf 50 20 27 20 Inf 48 3 16 Inf Inf Inf Inf 43 15 2
1 2
1 3
1 4
1 5
1 6
1 7
2 15
3 13
3 24
4 8
4 14
4 16
5 12
5 15
6 9
6 10
6 11
6 13
9 20
9 24
10 18
12 19
13 22
15 17
15 20
15 23
16 21
16 26
17 30
18 26
18 30
20 27
21 33
24 25
25 28
25 30
25 33
25 34
26 31
26 32
26 41
27 29
27 35
27 36
31 37
31 39
32 44
32 45
33 41
35 38
35 42
36 40
36 43
39 51
40 46
42 47
43 48
43 50
46 51
46 48
47 49
47 50
47 52
47 53
49 59
49 61
49 62
50 54
50 55
50 60
50 62
52 56
52 57
53 58
55 63
58 65
59 64
59 66
62 67
66 68
68 69
68 70
68 71
68 72
68 73
68 74
68 75
-1 -1
