75
23 Inf 14 18 30 9 37 Inf 14 35 Inf 43 6 38 22 17 43 7 11
24 20 3 33 4 22 22 34 7 44 19 28 29 Inf 39 30 1 46 12
25 30 30 1 Inf 12 41 22 30 41 28 6 18 14 27 35 6 10 24
26 32 40 17 18 12 34 10 2 50 38 28 43 15 Inf 21 28 Inf 32
23 37 32 35 7 Inf 8 5 32 30 27 44 32 31 33 5 29 45 27
22 23 11 13 23 27 2 37 8 43 34 19 41 Inf 17 Inf Inf 39 19
6 1 1 11 1 1 5 1 3 Inf 3 6 12 12 8 4 9 9 11
22 36 39 26 9 40 9 7 Inf 27 11 23 16 37 5 Inf 11 29 39
23 43 43 10 9 3 39 34 6 10 20 43 10 Inf 8 41 11 Inf 4
21 27 36 37 17 13 15 19 42 14 7 9 42 27 Inf 3 37 1 42
22 5 37 38 Inf 7 23 20 25 Inf 12 37 11 33 42 36 17 3 22
15 Inf 15 1 1 8 20 3 20 29 6 Inf 16 Inf 12 15 4 2 1
5 5 2 6 10 Inf Inf Inf 9 8 1 10 4 6 5 8 6 1 3
23 33 42 4 Inf 12 10 31 38 46 37 25 Inf 19 Inf 1 10 18 40
4 3 4 6 Inf 5 4 1 3 5 7 7 7 5 4 5 2 Inf 5
26 2 7 34 11 37 36 17 2 4 24 39 3 47 28 44 Inf 38 38
21 Inf 24 17 10 8 35 26 40 38 4 Inf Inf 23 14 8 4 36 10
5 1 Inf 3 8 1 Inf 8 5 2 8 6 3 5 1 8 4 1 Inf
24 4 Inf 4 47 41 17 12 28 8 41 26 34 6 28 31 34 37 Inf
25 21 24 4 35 18 Inf 46 Inf 49 26 28 15 21 13 17 Inf 47 3
26 22 45 52 13 18 29 51 6 47 13 37 Inf 43 Inf 19 20 26 14
26 51 Inf 23 Inf Inf 12 46 Inf 33 33 10 9 15 51 39 47 11 22
24 Inf Inf 36 32 48 43 9 2 33 6 Inf 5 13 Inf 27 29 Inf 42
27 32 13 41 40 38 31 Inf 44 Inf 33 8 33 46 4 17 27 1 41
20 23 34 26 4 40 5 29 Inf 28 2 24 35 8 5 2 25 19 24
23 26 36 30 13 17 Inf 35 Inf 32 39 32 2 3 35 35 33 5 28
25 39 8 5 27 Inf 36 13 28 19 49 Inf 20 32 24 1 41 Inf Inf
13 18 Inf 16 23 18 11 10 22 8 20 18 16 24 13 4 15 23 2
3 1 1 2 6 5 3 4 Inf 2 6 5 4 1 3 1 6 3 4
11 4 5 Inf 1 22 16 5 14 12 11 15 18 8 1 16 22 14 8
21 4 8 42 42 1 34 11 5 34 37 34 35 Inf Inf 4 7 7 Inf
22 35 6 33 Inf 5 23 19 34 Inf 31 5 1 Inf 21 6 9 36 Inf
21 37 24 21 38 42 13 9 16 17 21 33 27 38 17 31 12 Inf 8
22 15 25 21 31 39 17 13 24 19 18 Inf Inf 6 22 31 12 33 Inf
25 37 16 49 37 6 46 35 33 19 9 23 32 27 Inf 30 2 36 Inf
8 10 1 7 11 10 11 10 2 4 6 5 4 15 6 Inf 6 15 11
22 16 17 Inf Inf 19 18 22 21 34 29 Inf 32 40 14 4 1 Inf 32
24 14 37 38 30 28 10 9 22 27 40 14 32 7 15 10 5 40 Inf
22 16 Inf Inf 1 13 24 29 20 19 4 Inf 25 33 7 36 9 23 22
21 Inf 8 19 22 25 28 5 19 Inf 21 2 32 34 11 Inf 39 Inf 21
6 12 11 4 7 4 4 3 12 10 5 7 2 7 12 3 1 12 11
26 15 38 29 Inf Inf 18 48 28 28 8 17 3 21 38 6 43 Inf Inf
22 21 14 2 12 Inf 19 33 6 36 41 16 30 22 32 37 42 35 27
6 7 Inf 3 12 2 8 3 3 12 8 5 3 3 Inf 8 2 11 9
21 3 19 35 14 26 15 37 24 38 7 Inf Inf 30 18 25 23 32 12
25 23 33 6 5 32 Inf 10 5 12 8 13 Inf 4 32 39 21 36 29
11 14 6 1 3 4 9 7 13 4 16 4 19 Inf 10 15 8 5 19
22 6 29 29 6 13 35 13 8 22 13 15 6 7 1 28 24 18 Inf
21 30 36 Inf 10 Inf 10 33 29 11 40 39 38 8 37 27 9 Inf 38
25 35 47 34 40 Inf 48 3 50 3 46 6 9 24 10 38 6 2 20
22 42 31 26 37 29 37 2 32 41 15 8 Inf 11 23 41 18 8 42
22 17 18 7 Inf 7 44 Inf 17 36 39 42 9 Inf 15 Inf Inf 15 22
23 8 24 11 11 31 17 41 10 Inf 12 Inf 27 7 Inf 16 Inf Inf 33
22 Inf 24 19 7 30 19 44 19 28 14 20 Inf 6 17 9 31 38 29
22 34 15 25 18 12 16 8 10 28 2 35 37 25 4 7 42 20 17
25 5 6 Inf 41 40 17 11 18 24 49 3 42 Inf 5 Inf 23 43 5
23 Inf 13 Inf 22 Inf 31 12 4 31 41 34 25 45 5 26 38 33 43
21 6 8 28 15 Inf 21 37 Inf 39 Inf 14 3 12 39 38 10 39 14
22 Inf Inf 19 Inf 4 22 22 32 37 9 29 34 32 10 Inf 27 40 35
22 29 16 30 9 29 24 30 4 44 1 10 11 18 43 1 7 Inf 29
22 15 14 Inf 14 17 Inf 6 Inf 18 38 22 5 7 27 Inf Inf 8 37
22 5 27 3 6 12 Inf 31 11 10 5 12 18 12 23 10 8 36 9
21 32 Inf 32 24 36 1 Inf 11 41 37 3 39 36 18 18 41 33 Inf
27 14 16 43 39 40 49 40 46 9 47 43 2 Inf 52 Inf 34 43 42
23 28 38 45 Inf 6 12 Inf 13 17 10 22 20 19 15 11 11 34 7
2 3 3 2 2 2 Inf 3 4 1 4 Inf Inf 2 3 1 3 1 2
26 45 29 38 7 41 43 35 12 48 38 34 20 28 15 10 13 6 22
25 43 Inf 1 Inf Inf 43 Inf Inf 5 6 5 18 20 9 49 49 14 49
24 11 Inf 30 1 Inf 48 22 Inf 24 37 32 19 7 8 8 17 37 44
22 3 32 10 15 6 4 33 31 24 30 32 1 3 44 13 10 33 11
24 34 29 5 15 15 10 25 24 Inf 16 9 26 4 46 11 Inf 42 48
4 4 3 6 3 8 7 5 6 6 Inf 7 5 8 4 Inf 3 5 5
22 Inf 42 9 16 32 29 39 30 33 36 42 Inf 2 43 4 14 23 31
10 Inf 4 3 19 12 Inf 3 Inf 5 17 17 20 Inf 11 12 1 7 8
25 20 25 29 24 Inf 37 Inf 21 3 Inf 4 21 28 35 Inf Inf 6 26
1 2
1 3
1 4
1 5
1 6
1 7
2 15
3 13
3 24
4 8
4 14
4 16
5 12
5 15
6 9
6 10
6 11
6 13
9 20
9 24
10 18
12 19
13 22
15 17
15 20
15 23
16 21
16 26
17 30
18 26
18 30
20 27
21 33
24 25
25 28
25 30
25 33
25 34
26 31
26 32
26 41
27 29
27 35
27 36
31 37
31 39
32 44
32 45
33 41
35 38
35 42
36 40
36 43
39 51
40 46
42 47
43 48
43 50
46 51
46 48
47 49
47 50
47 52
47 53
49 59
49 61
49 62
50 54
50 55
50 60
50 62
52 56
52 57
53 58
55 63
58 65
59 64
59 66
62 67
66 68
68 69
68 70
68 71
68 72
68 73
68 74
68 75
-1 -1
