75
23 Inf 10 18 1 29 Inf 2 27 Inf 34 26 33 8 13 Inf Inf 20 36
24 33 Inf 6 48 3 15 9 Inf 7 3 Inf 4 4 36 19 8 29 44
25 24 Inf Inf 18 16 6 21 34 15 10 44 43 13 16 16 3 12 Inf
26 6 8 22 Inf Inf 19 25 20 51 Inf Inf 11 24 15 8 11 33 19
23 11 Inf 9 28 42 10 4 10 Inf 18 30 23 10 35 31 6 6 6
22 19 3 29 43 41 6 4 10 1 14 25 11 7 16 Inf 34 3 3
6 Inf 2 5 1 3 7 7 Inf 3 3 3 6 Inf 6 9 7 6 10
22 4 2 26 Inf 4 11 3 17 14 7 19 10 39 20 22 44 Inf 29
23 2 24 9 6 Inf 33 36 22 41 10 40 37 12 Inf 3 1 14 30
21 13 29 15 25 17 9 17 40 Inf 3 13 10 1 Inf 36 37 8 4
22 11 8 24 3 44 Inf 3 8 40 18 25 23 16 12 36 9 Inf 42
15 8 10 Inf 18 14 26 17 18 24 27 10 28 24 22 26 21 8 5
5 5 2 3 Inf 7 7 10 9 8 Inf 4 4 9 8 6 6 2 7
23 Inf 12 15 9 32 28 21 17 38 31 6 7 43 34 40 13 41 8
4 7 5 5 4 Inf 7 7 6 4 Inf 3 6 4 4 6 7 3 7
26 41 43 40 4 12 42 20 20 Inf 40 23 13 45 36 29 14 21 18
21 20 29 4 35 35 36 26 5 3 31 33 Inf 33 35 5 Inf 41 31
5 10 8 Inf 3 9 5 1 5 Inf 8 9 4 Inf 5 Inf 1 3 Inf
24 28 Inf 42 36 Inf 7 4 6 15 Inf 2 19 16 47 3 46 20 28
25 14 Inf 9 22 Inf Inf 10 41 32 31 32 25 44 Inf 9 1 17 14
26 28 43 14 8 16 27 47 6 6 38 15 11 16 27 Inf Inf 46 2
26 49 40 Inf Inf Inf 39 4 21 43 30 24 51 Inf Inf 28 21 9 20
24 47 Inf 48 38 47 18 3 22 1 46 42 Inf 4 Inf 38 7 10 10
27 43 35 37 12 9 28 47 8 27 15 42 38 13 23 51 36 24 Inf
20 22 5 29 23 22 16 10 5 Inf 39 20 9 3 37 36 10 24 Inf
23 26 4 32 39 Inf 13 3 31 1 8 32 22 37 43 33 1 35 41
25 27 16 36 13 19 20 35 44 20 4 1 17 29 1 2 30 46 40
13 25 26 8 4 18 4 9 17 24 21 Inf 9 Inf 4 7 7 2 3
3 4 5 1 2 4 1 4 1 5 3 5 1 4 6 3 4 5 6
11 13 11 13 4 8 17 5 15 14 2 13 8 16 2 Inf 15 10 21
21 38 34 19 7 14 9 32 31 Inf 27 24 29 21 5 28 Inf 32 Inf
22 20 44 35 30 25 20 Inf 8 Inf 7 Inf 14 38 39 44 15 25 4
21 40 21 29 11 11 37 6 7 8 5 Inf 18 6 6 Inf 20 20 1
22 22 2 32 7 23 12 11 44 33 5 23 10 13 23 6 23 16 12
25 26 4 Inf 11 34 Inf 34 49 30 22 48 15 14 19 14 6 34 43
8 10 3 Inf 9 7 16 6 9 5 10 7 Inf 3 1 9 9 11 3
22 9 21 40 13 3 8 1 44 19 39 7 39 36 6 34 23 33 8
24 23 Inf Inf Inf 17 29 8 8 5 34 14 43 36 39 10 29 26 Inf
22 Inf Inf 38 6 Inf 31 30 17 Inf 36 32 Inf 38 Inf 28 31 19 5
21 2 11 8 11 26 Inf 34 37 Inf 15 10 17 28 28 17 11 9 22
6 1 12 2 8 9 5 11 1 12 3 2 8 Inf 8 2 11 12 9
26 40 20 40 27 33 7 33 8 24 20 5 11 1 Inf Inf 5 52 5
22 4 44 5 6 3 31 13 3 9 9 37 25 27 10 41 2 3 18
6 4 8 6 1 1 1 9 11 1 Inf 10 Inf 11 2 9 3 1 6
21 9 24 6 1 Inf 6 42 30 8 Inf 6 Inf Inf 12 13 15 16 41
25 Inf Inf 35 Inf 44 7 13 Inf 1 42 50 12 12 33 Inf 9 32 Inf
11 1 21 12 21 6 3 13 20 16 18 3 15 4 18 18 Inf 10 12
22 15 32 10 Inf Inf 15 8 36 4 13 37 12 18 26 40 38 14 26
21 24 31 20 31 Inf 26 Inf 30 18 3 1 35 13 37 13 38 12 Inf
25 27 30 21 9 35 19 20 11 22 24 25 45 3 40 13 16 16 31
22 Inf 18 28 27 Inf 33 Inf 21 35 34 25 37 29 35 31 Inf 8 24
22 Inf 6 37 34 30 36 Inf Inf 2 7 3 1 37 43 Inf 26 19 36
23 46 42 43 1 12 Inf 22 Inf 18 Inf 3 24 43 31 10 25 9 27
22 23 Inf 43 Inf Inf 4 Inf 41 32 35 34 4 9 19 Inf Inf 29 38
22 8 31 26 28 6 33 5 29 26 22 3 10 21 4 8 44 16 37
25 40 46 46 45 37 35 49 30 46 44 12 25 28 15 45 33 39 7
23 34 10 6 40 42 5 17 34 21 46 17 9 Inf 38 Inf 35 13 46
21 13 20 25 21 20 Inf 19 29 1 Inf 8 21 25 27 37 39 39 26
22 21 16 13 33 Inf 44 44 44 19 37 Inf Inf 25 5 31 32 Inf 34
22 4 6 43 27 41 24 Inf 27 5 10 37 Inf 35 41 Inf 5 39 9
22 40 22 35 32 25 24 Inf 43 12 13 4 20 29 33 6 Inf 34 Inf
22 Inf 1 39 Inf Inf 8 13 35 Inf 25 20 Inf Inf 15 19 10 17 4
21 4 Inf 23 34 40 17 10 4 Inf 19 35 8 14 41 13 42 17 34
27 50 48 6 28 1 Inf 12 Inf 19 8 26 30 1 53 34 26 39 22
23 11 24 4 15 15 10 36 12 40 8 1 41 7 Inf 15 2 31 17
2 2 2 4 4 3 1 3 2 2 Inf 2 2 Inf 1 2 3 Inf 3
26 46 40 Inf 14 29 Inf 24 14 48 20 4 40 29 28 8 52 42 24
25 10 9 9 9 7 27 1 40 16 Inf 20 23 30 31 44 36 6 9
24 32 19 47 11 37 4 Inf Inf 20 18 37 13 47 Inf 11 17 30 29
22 10 36 15 40 22 22 8 9 32 25 13 4 36 25 16 19 9 27
24 36 13 21 17 6 42 7 41 7 41 41 26 34 Inf 31 11 17 41
4 5 8 Inf 7 2 Inf 6 2 7 1 2 1 5 7 5 2 3 3
22 2 Inf 36 38 9 17 43 38 34 10 44 13 26 27 22 43 30 9
10 15 17 11 17 8 15 20 1 1 4 4 1 15 6 Inf 6 2 20
25 Inf 26 47 7 14 42 2 18 13 37 4 47 1 20 2 49 Inf Inf
1 2
1 3
1 4
1 5
1 6
1 7
2 15
3 13
3 24
4 8
4 14
4 16
5 12
5 15
6 9
6 10
6 11
6 13
9 20
9 24
10 18
12 19
13 22
15 17
15 20
15 23
16 21
16 26
17 30
18 26
18 30
20 27
21 33
24 25
25 28
25 30
25 33
25 34
26 31
26 32
26 41
27 29
27 35
27 36
31 37
31 39
32 44
32 45
33 41
35 38
35 42
36 40
36 43
39 51
40 46
42 47
43 48
43 50
46 51
46 48
47 49
47 50
47 52
47 53
49 59
49 61
49 62
50 54
50 55
50 60
50 62
52 56
52 57
53 58
55 63
58 65
59 64
59 66
62 67
66 68
68 69
68 70
68 71
68 72
68 73
68 74
68 75
-1 -1
