75
23 7 Inf 3 15 31 46 36 33 29 4 45 35 33 33 6 19 Inf 33
24 14 Inf 46 19 3 10 Inf 9 26 26 43 17 Inf 2 20 12 40 40
25 26 46 9 50 41 Inf 11 38 38 Inf 19 Inf 29 8 4 5 8 24
26 26 44 29 Inf 6 8 51 9 Inf 1 Inf 8 30 27 Inf 16 Inf Inf
23 39 28 Inf 28 32 17 4 23 2 38 32 18 39 5 4 17 10 27
22 33 30 2 14 2 7 22 21 8 40 17 Inf 8 38 Inf 43 20 23
6 5 10 Inf 9 6 4 Inf Inf Inf 2 3 4 3 6 1 8 10 1
22 6 35 6 15 Inf 9 17 13 7 16 Inf 16 29 38 35 6 5 15
23 30 6 31 20 11 2 35 8 Inf 6 13 16 45 45 45 11 15 42
21 30 29 7 25 Inf Inf 1 25 17 Inf 33 27 16 Inf Inf 40 4 23
22 Inf 29 12 Inf 8 8 34 32 44 15 6 12 15 24 Inf 37 Inf 12
15 2 7 17 Inf 11 18 17 26 26 30 26 3 28 Inf 5 22 19 14
5 5 5 6 6 2 6 1 5 8 5 5 2 Inf 7 1 5 Inf 6
23 4 12 33 33 15 35 5 39 Inf 30 44 38 Inf 44 42 5 46 1
4 3 4 3 Inf 8 8 3 4 6 1 Inf 2 3 8 8 2 4 7
26 47 19 41 6 37 3 Inf 38 5 10 52 52 4 7 9 42 35 34
21 42 13 10 39 28 36 3 Inf 11 13 38 Inf Inf 1 37 39 Inf 7
5 2 9 9 10 7 4 10 8 5 5 5 2 1 8 7 6 2 1
24 Inf 46 9 4 30 26 24 24 19 24 16 15 43 44 21 22 40 16
25 22 Inf 49 Inf 28 Inf Inf 19 6 23 8 7 44 30 21 6 14 2
26 19 26 Inf 7 17 35 5 Inf 14 4 12 28 44 48 34 37 Inf 2
26 15 45 1 25 13 2 4 Inf 51 5 22 28 19 30 28 34 Inf 10
24 37 28 35 35 38 Inf Inf 28 10 33 15 3 4 14 Inf 28 10 30
27 40 27 22 8 18 28 38 52 15 6 27 19 49 Inf 16 52 3 Inf
20 37 11 3 21 8 28 Inf 17 10 36 12 Inf 12 32 25 9 1 5
23 22 3 Inf 15 22 5 12 28 5 27 6 27 21 10 40 9 7 23
25 Inf 24 1 35 10 8 23 12 40 6 44 45 Inf 13 28 44 16 34
13 23 7 6 Inf 13 6 4 4 24 14 25 24 24 13 18 3 7 13
3 1 3 Inf 6 3 Inf 5 1 4 6 6 4 4 6 3 1 4 6
11 13 Inf 13 17 18 8 7 2 3 21 Inf 19 20 10 5 21 18 Inf
21 35 6 5 1 22 Inf 10 Inf Inf 5 27 7 40 41 Inf 23 29 6
22 19 Inf 2 43 21 23 4 33 36 33 26 23 40 9 35 11 19 36
21 17 8 23 19 Inf 25 6 34 7 Inf 24 34 12 1 7 4 12 9
22 27 29 27 3 13 43 37 9 21 39 2 35 5 11 43 12 29 31
25 29 13 Inf 32 31 44 50 32 34 7 Inf 49 5 17 50 1 33 45
8 Inf 13 3 3 15 Inf 16 9 9 12 Inf 12 Inf 1 Inf 4 Inf 7
22 28 22 2 Inf 5 26 Inf 23 40 44 41 Inf 6 32 25 37 29 11
24 33 Inf 48 40 Inf 20 40 2 9 32 39 Inf 33 17 29 Inf 15 13
22 18 34 31 36 Inf 9 39 3 21 17 35 25 13 27 29 29 37 44
21 18 21 Inf 12 14 6 19 42 7 4 23 Inf Inf 27 23 2 30 1
6 5 Inf 6 10 11 2 4 12 2 Inf 11 Inf 2 5 3 3 7 2
26 6 16 23 43 46 20 5 12 29 9 33 30 19 21 10 42 22 Inf
22 2 10 8 15 5 35 5 10 4 31 2 14 19 11 4 5 Inf Inf
6 1 6 12 1 7 Inf 8 9 7 5 6 10 10 10 8 1 6 3
21 16 4 10 18 16 28 25 17 13 12 17 17 34 4 Inf 37 40 3
25 8 4 7 6 17 30 15 38 14 5 29 27 36 28 41 Inf 15 32
11 22 11 4 18 1 Inf 2 Inf Inf 11 17 6 20 1 10 1 9 Inf
22 13 5 33 11 11 1 39 2 6 10 24 1 35 11 18 Inf 44 43
21 9 37 20 39 6 15 33 Inf 13 24 16 2 20 29 Inf 2 Inf 13
25 22 45 24 17 18 29 26 6 43 11 16 7 32 26 27 36 46 34
22 11 Inf 9 Inf 19 8 8 30 5 39 42 33 Inf 35 Inf 9 33 9
22 10 35 24 44 11 23 22 26 25 32 7 26 25 17 10 18 18 32
23 29 32 Inf 10 6 5 2 26 15 15 40 41 31 21 6 Inf 6 16
22 Inf 31 39 19 37 18 35 26 30 32 15 13 37 21 42 29 32 43
22 2 44 39 18 44 Inf 39 18 7 26 6 16 35 10 12 Inf 31 14
25 Inf 40 14 45 20 26 16 29 Inf 29 39 31 49 33 9 Inf 36 42
23 26 35 12 19 10 20 Inf 23 3 14 Inf 25 9 Inf 36 12 44 29
21 11 40 11 14 9 4 Inf 5 2 5 Inf 23 Inf 11 42 6 31 15
22 21 10 7 12 8 28 6 6 25 4 22 36 2 9 8 15 34 6
22 44 Inf 9 12 Inf 15 26 11 14 42 5 Inf 14 Inf 41 15 41 7
22 8 40 5 33 34 37 6 35 8 44 18 37 10 29 42 20 8 3
22 4 30 10 16 32 15 33 Inf 15 23 41 11 9 40 Inf Inf 10 Inf
21 24 7 35 38 25 39 16 13 34 38 38 19 31 37 32 33 29 35
27 23 15 30 38 30 47 41 12 35 17 51 19 Inf 45 21 Inf 10 42
23 Inf 30 16 30 2 39 39 Inf 41 18 13 26 35 21 Inf 17 19 25
2 4 3 1 2 1 2 Inf 2 1 3 3 4 4 2 4 1 1 2
26 49 25 47 52 30 2 36 51 38 Inf 5 35 18 3 21 29 3 22
25 5 18 Inf 42 10 39 43 46 14 46 21 25 24 Inf 38 25 39 33
24 12 Inf 9 4 6 33 1 20 39 6 6 2 42 32 15 4 46 Inf
22 8 36 42 Inf 1 11 35 21 Inf 22 42 Inf 14 4 37 43 22 17
24 25 37 12 4 29 3 41 23 2 Inf 44 46 7 36 9 17 33 23
4 1 1 Inf 1 Inf 2 Inf 7 Inf 1 1 6 2 8 Inf 3 8 7
22 7 Inf 42 39 Inf 22 27 37 40 16 Inf 26 16 18 6 11 1 17
10 17 19 14 4 1 18 Inf 19 19 1 11 6 13 6 5 8 17 7
25 27 20 7 48 9 41 41 1 20 16 25 Inf 24 45 44 40 9 39
1 2
1 3
1 4
1 5
1 6
1 7
2 15
3 13
3 24
4 8
4 14
4 16
5 12
5 15
6 9
6 10
6 11
6 13
9 20
9 24
10 18
12 19
13 22
15 17
15 20
15 23
16 21
16 26
17 30
18 26
18 30
20 27
21 33
24 25
25 28
25 30
25 33
25 34
26 31
26 32
26 41
27 29
27 35
27 36
31 37
31 39
32 44
32 45
33 41
35 38
35 42
36 40
36 43
39 51
40 46
42 47
43 48
43 50
46 51
46 48
47 49
47 50
47 52
47 53
49 59
49 61
49 62
50 54
50 55
50 60
50 62
52 56
52 57
53 58
55 63
58 65
59 64
59 66
62 67
66 68
68 69
68 70
68 71
68 72
68 73
68 74
68 75
-1 -1
