75
23 24 5 31 46 11 45 45 9 21 25 26 13 8 9 22 18 12 27
24 2 10 3 16 40 6 26 2 Inf 35 16 4 28 33 Inf Inf 30 23
25 8 21 16 2 8 35 47 41 18 11 2 15 Inf Inf 22 Inf 5 2
26 40 2 16 25 3 52 Inf 51 23 43 15 15 2 22 19 29 41 31
23 17 18 23 31 35 20 27 42 Inf Inf 10 28 38 15 26 32 1 24
22 1 7 3 3 Inf 42 19 18 6 6 30 35 Inf Inf 38 Inf 13 Inf
6 2 7 Inf 10 9 Inf 7 1 9 12 4 8 1 1 8 7 10 7
22 Inf 1 Inf 43 29 6 22 33 2 5 35 12 35 40 19 41 32 15
23 18 29 27 10 6 2 18 31 35 24 3 Inf 36 45 Inf 14 46 30
21 42 24 17 16 38 23 16 6 33 8 32 13 41 3 32 31 10 17
22 25 18 38 6 34 37 1 22 26 23 32 20 25 11 7 16 16 1
15 8 9 2 7 20 26 13 4 Inf 16 4 29 10 7 Inf 7 Inf 28
5 6 5 7 9 2 8 6 6 3 9 8 7 7 2 5 5 1 7
23 10 12 40 1 33 22 4 11 Inf 39 33 11 41 44 39 11 33 1
4 2 6 3 2 Inf 4 8 8 2 6 2 4 6 8 2 5 2 6
26 43 Inf 28 37 43 30 16 32 46 22 9 Inf 17 38 19 36 26 49
21 19 3 40 40 1 40 28 24 18 13 Inf 16 Inf 29 3 36 3 2
5 10 1 1 2 2 3 9 4 9 1 5 4 Inf Inf 6 9 2 10
24 19 6 36 1 10 Inf 27 36 8 40 38 43 47 25 Inf 22 41 11
25 30 2 41 13 Inf 9 10 1 40 5 35 35 31 1 28 22 2 Inf
26 18 Inf Inf 48 Inf 3 29 39 38 35 22 Inf 22 7 2 3 7 27
26 18 Inf 14 40 9 23 19 19 49 Inf 12 10 Inf Inf 27 23 12 41
24 40 Inf 35 43 3 25 33 26 40 13 13 3 37 18 7 9 29 Inf
27 13 16 48 Inf Inf 6 52 Inf 5 2 52 40 18 20 54 47 15 25
20 Inf 22 40 10 37 28 18 30 1 8 Inf 12 29 21 32 35 31 1
23 11 12 19 26 44 41 25 30 35 26 9 14 26 29 19 3 30 12
25 Inf 16 8 2 31 33 31 Inf 14 15 15 32 4 31 7 42 8 38
13 17 Inf 1 26 2 17 3 23 4 14 9 8 Inf 7 1 23 7 18
3 Inf 3 3 4 2 3 4 5 4 3 3 3 6 Inf 6 5 2 4
11 14 6 20 16 Inf 15 17 12 16 7 Inf Inf 17 Inf 16 5 16 10
21 19 31 34 6 25 Inf 42 31 Inf 5 18 19 9 16 10 16 Inf 22
22 24 37 41 2 40 Inf 32 4 17 8 11 15 3 35 11 8 34 36
21 38 2 28 5 16 Inf 4 1 11 18 39 Inf 8 13 41 12 3 Inf
22 34 5 20 Inf 7 29 19 6 Inf 38 37 25 42 28 Inf 38 1 29
25 19 7 Inf 8 40 16 44 4 39 7 49 Inf 6 Inf 40 4 12 20
8 4 Inf 9 Inf 15 1 4 13 3 4 9 3 2 6 2 15 11 15
22 8 Inf 25 24 3 3 Inf Inf 28 Inf 24 5 13 3 27 8 2 Inf
24 48 Inf 7 11 42 7 Inf 39 14 28 Inf 42 17 23 7 8 14 31
22 44 8 29 Inf 10 41 10 1 44 10 31 2 34 Inf 38 7 23 24
21 36 3 6 35 27 2 33 25 16 19 37 36 10 23 39 20 12 33
6 6 12 8 Inf 11 11 11 8 3 11 Inf 5 4 1 1 10 Inf 8
26 39 Inf 51 41 3 51 44 3 Inf 52 31 19 22 47 Inf 44 15 3
22 11 41 8 13 37 26 2 36 25 28 33 19 1 Inf 30 18 5 14
6 2 Inf 3 3 7 3 1 11 12 7 4 Inf 6 8 5 2 9 7
21 8 40 9 27 26 8 9 34 25 30 34 4 32 Inf 27 27 11 26
25 22 5 15 38 2 2 14 36 44 6 35 32 45 31 40 4 45 Inf
11 6 13 21 19 17 20 3 1 8 2 2 Inf Inf 10 22 21 3 Inf
22 6 4 26 12 6 13 28 11 20 37 18 29 35 20 20 18 31 Inf
21 16 7 13 4 28 Inf 2 15 29 18 9 5 33 34 1 15 7 40
25 22 6 16 Inf 18 50 14 16 2 36 48 6 49 Inf 23 39 6 23
22 6 31 2 14 21 5 15 6 16 Inf 38 2 23 36 Inf 16 22 26
22 Inf 32 6 3 Inf 33 4 44 11 36 3 4 20 2 Inf 16 29 40
23 23 Inf 30 12 Inf 11 7 46 27 16 6 13 3 Inf Inf 26 14 12
22 7 3 44 12 15 4 43 8 3 Inf Inf Inf 5 40 26 4 3 26
22 10 28 2 31 28 7 12 3 32 27 8 36 33 39 27 32 10 20
25 34 10 49 8 Inf Inf Inf 26 Inf Inf 14 20 45 45 Inf 4 12 13
23 27 41 37 11 29 31 45 15 24 1 6 10 Inf 35 4 2 5 Inf
21 Inf Inf Inf 42 10 28 18 3 14 38 29 37 6 37 Inf 5 12 24
22 12 2 Inf 29 Inf Inf 7 13 37 21 Inf 31 20 20 2 3 5 24
22 11 8 4 2 6 Inf 24 4 11 18 36 15 40 21 1 3 8 4
22 Inf 30 37 3 27 4 21 13 20 41 12 35 Inf 22 32 18 39 37
22 1 1 Inf 34 42 26 24 27 23 11 17 40 13 24 Inf 25 Inf 31
21 25 Inf Inf 6 33 4 10 12 36 21 10 2 12 8 33 3 39 1
27 28 15 Inf 8 33 49 10 3 54 26 Inf 34 54 15 47 13 2 8
23 29 23 12 13 27 Inf 27 20 1 Inf 25 40 23 25 1 30 13 Inf
2 2 4 2 Inf 2 2 Inf 1 Inf Inf 4 3 2 2 3 3 4 3
26 1 21 2 39 Inf 25 21 36 Inf 16 Inf 8 25 19 39 10 5 28
25 49 Inf 3 14 10 16 5 49 Inf 8 49 41 6 37 40 14 Inf Inf
24 7 6 Inf 44 25 Inf 6 33 27 29 41 6 26 4 21 10 Inf 43
22 30 Inf 2 4 12 17 2 8 4 12 24 18 39 25 22 33 Inf Inf
24 2 48 16 30 Inf 19 24 38 9 40 31 22 7 Inf Inf 6 27 38
4 3 2 5 5 2 5 Inf 3 Inf 5 2 7 8 Inf Inf 3 1 2
22 44 5 11 37 24 8 Inf Inf 5 4 23 19 Inf 8 Inf 35 Inf 7
10 15 Inf 15 17 6 2 4 14 3 8 4 17 Inf 5 17 Inf 6 8
25 49 18 38 9 3 50 22 30 48 47 4 9 11 31 41 5 7 23
1 2
1 3
1 4
1 5
1 6
1 7
2 15
3 13
3 24
4 8
4 14
4 16
5 12
5 15
6 9
6 10
6 11
6 13
9 20
9 24
10 18
12 19
13 22
15 17
15 20
15 23
16 21
16 26
17 30
18 26
18 30
20 27
21 33
24 25
25 28
25 30
25 33
25 34
26 31
26 32
26 41
27 29
27 35
27 36
31 37
31 39
32 44
32 45
33 41
35 38
35 42
36 40
36 43
39 51
40 46
42 47
43 48
43 50
46 51
46 48
47 49
47 50
47 52
47 53
49 59
49 61
49 62
50 54
50 55
50 60
50 62
52 56
52 57
53 58
55 63
58 65
59 64
59 66
62 67
66 68
68 69
68 70
68 71
68 72
68 73
68 74
68 75
-1 -1
