75
23 35 38 42 30 3 35 20 24 34 23 29 27 23 Inf 20 18 5 36
24 Inf 41 7 28 12 42 Inf Inf 46 20 4 Inf 46 8 15 Inf 42 15
25 13 45 45 Inf 33 27 46 9 1 22 44 10 43 23 22 29 26 35
26 13 47 Inf 2 Inf 16 Inf 6 9 31 49 16 10 8 Inf 22 51 44
23 27 6 17 33 33 5 Inf 35 1 26 41 40 12 20 39 28 1 Inf
22 6 18 13 Inf 22 18 9 25 Inf 4 Inf Inf 15 38 23 6 22 18
6 10 4 11 1 9 8 8 10 7 8 2 2 4 4 5 Inf Inf Inf
22 20 Inf 28 28 5 40 26 12 Inf 13 Inf 31 12 25 Inf 2 13 33
23 14 22 11 43 1 43 21 19 4 28 35 34 36 24 14 1 2 44
21 Inf 5 15 21 31 35 42 11 38 18 4 32 38 28 Inf 19 7 3
22 Inf 11 Inf 12 44 Inf 39 39 29 27 21 17 6 26 Inf 39 1 10
15 17 19 5 22 28 17 2 14 6 Inf 23 Inf 10 14 1 9 14 1
5 5 4 Inf 3 2 Inf 9 Inf 1 10 9 8 7 10 8 7 9 6
23 34 41 35 7 46 25 5 25 Inf Inf 18 39 Inf 7 14 Inf 24 11
4 3 Inf 8 5 6 4 6 7 3 2 Inf 5 4 7 4 6 4 5
26 18 36 11 29 8 42 37 20 46 11 51 Inf 8 19 44 13 14 47
21 42 12 Inf 4 41 15 21 25 42 Inf 15 15 40 30 Inf 28 39 39
5 9 2 9 Inf 9 Inf 3 6 3 3 5 10 9 Inf 9 7 Inf 6
24 10 6 13 45 1 10 17 27 23 28 34 41 42 27 4 5 25 8
25 Inf 21 20 21 7 21 50 9 32 33 22 17 22 27 42 39 3 21
26 44 Inf 3 39 43 32 32 3 7 36 33 21 30 50 30 31 23 14
26 Inf 12 2 45 35 Inf 35 8 47 39 Inf Inf 10 5 42 26 3 4
24 13 7 13 8 38 45 35 35 1 40 36 45 26 41 30 Inf 37 9
27 33 3 9 26 14 25 5 9 Inf 32 10 34 12 11 30 44 43 Inf
20 10 34 Inf 28 29 36 19 15 11 15 24 25 15 14 33 32 15 29
23 16 6 10 5 37 18 17 24 39 Inf Inf 32 45 37 12 13 20 Inf
25 48 17 Inf Inf 32 Inf 39 18 2 Inf 45 42 Inf 27 48 Inf 8 1
13 21 23 8 26 4 Inf 7 6 17 8 20 6 8 3 19 13 Inf 19
3 6 2 6 3 4 4 5 Inf 1 3 6 Inf 3 2 4 1 2 4
11 8 18 17 21 13 3 7 19 11 20 20 19 Inf 19 11 7 9 10
21 10 1 32 30 12 34 37 9 38 30 9 10 11 Inf 19 27 6 1
22 37 8 22 Inf 38 1 33 8 8 Inf 9 42 29 12 19 34 34 Inf
21 38 1 4 23 40 28 16 11 37 37 39 9 31 2 41 9 7 11
22 Inf 9 Inf 44 39 Inf 24 9 3 34 23 31 6 9 33 37 Inf 35
25 26 22 41 23 27 13 24 21 15 7 17 2 48 22 9 26 19 32
8 15 8 5 Inf 2 16 8 10 9 5 Inf 5 13 Inf 2 15 Inf 14
22 6 15 27 38 5 29 8 33 41 Inf 30 Inf 12 1 29 7 42 5
24 7 5 1 48 23 26 38 9 Inf 40 19 19 4 14 46 13 13 9
22 40 24 38 39 9 4 Inf 14 14 35 8 Inf 44 44 Inf 5 38 8
21 29 7 4 9 Inf 14 39 21 10 Inf 3 22 12 24 42 12 7 25
6 10 4 6 7 1 2 2 5 12 2 3 2 Inf 7 1 3 Inf 2
26 33 22 23 26 26 24 38 48 38 20 Inf 6 33 11 11 13 52 9
22 32 5 10 17 Inf Inf 5 30 18 35 24 12 1 Inf 43 25 16 2
6 3 1 8 9 Inf 6 4 10 5 1 8 6 3 8 5 Inf 2 1
21 11 1 16 30 34 13 19 Inf 8 24 24 41 33 29 33 19 29 9
25 10 4 42 3 19 37 1 8 47 26 11 Inf 36 Inf 32 35 Inf 20
11 13 8 2 8 17 19 18 Inf 3 2 13 15 13 Inf 3 Inf 16 4
22 11 39 40 31 Inf 38 5 41 35 3 20 26 10 8 Inf 20 33 11
21 Inf 42 Inf 36 37 7 26 22 25 Inf 18 16 19 25 33 22 19 6
25 25 36 23 5 Inf 19 Inf 28 31 Inf 13 23 34 6 42 20 6 2
22 21 9 41 15 3 11 Inf 7 Inf 15 1 35 31 25 15 17 22 34
22 33 26 13 Inf 3 9 Inf 9 39 33 30 33 37 8 13 38 44 8
23 45 9 28 44 7 17 4 12 Inf 35 1 Inf 5 Inf 1 18 29 15
22 Inf 3 Inf 28 Inf 40 13 37 10 34 20 Inf 17 Inf 11 34 18 39
22 38 Inf 20 13 10 15 29 24 23 16 29 39 15 15 12 15 31 8
25 29 29 28 4 27 2 38 34 43 8 31 Inf 40 46 39 29 49 Inf
23 Inf Inf Inf 19 38 6 22 31 24 38 39 37 45 37 13 29 31 6
21 Inf 31 27 32 20 17 Inf 10 22 14 7 20 30 16 42 24 13 31
22 35 10 Inf 28 15 4 19 24 Inf 28 2 1 11 6 43 5 39 37
22 10 Inf Inf 34 2 16 Inf Inf 21 16 2 17 14 28 22 7 1 42
22 40 Inf 33 28 14 39 11 37 9 6 9 27 8 14 Inf 13 32 24
22 40 25 41 26 1 36 Inf 6 39 4 20 30 7 8 4 3 27 40
21 4 18 31 Inf Inf 7 8 20 14 42 31 14 32 40 21 Inf 2 11
27 11 Inf 19 28 2 39 16 9 18 14 41 10 17 22 4 43 9 39
23 10 20 Inf 9 24 Inf 27 36 2 9 17 34 Inf 21 4 Inf 4 46
2 3 Inf 4 3 Inf 3 3 4 Inf 3 3 3 Inf 1 4 1 1 3
26 40 31 Inf 52 43 7 51 11 14 Inf 25 2 22 14 17 38 4 5
25 34 2 21 9 9 38 3 23 38 3 Inf 27 24 8 26 22 14 2
24 11 11 2 10 Inf 12 Inf 18 20 36 24 Inf 8 Inf 13 25 7 36
22 7 23 22 19 7 35 44 28 12 6 37 Inf 40 11 10 27 Inf 5
24 37 29 46 40 Inf 22 27 3 Inf 42 36 3 Inf 30 32 40 10 18
4 3 1 6 5 4 5 Inf 2 6 1 1 4 6 Inf 3 8 6 3
22 27 10 9 Inf 22 39 43 34 Inf Inf 22 Inf 38 20 Inf 23 27 9
10 2 18 4 13 11 11 6 20 17 15 6 19 7 1 11 13 1 8
25 17 48 Inf 30 20 17 7 49 10 8 5 Inf 37 23 Inf 33 35 34
1 2
1 3
1 4
1 5
1 6
1 7
2 15
3 13
3 24
4 8
4 14
4 16
5 12
5 15
6 9
6 10
6 11
6 13
9 20
9 24
10 18
12 19
13 22
15 17
15 20
15 23
16 21
16 26
17 30
18 26
18 30
20 27
21 33
24 25
25 28
25 30
25 33
25 34
26 31
26 32
26 41
27 29
27 35
27 36
31 37
31 39
32 44
32 45
33 41
35 38
35 42
36 40
36 43
39 51
40 46
42 47
43 48
43 50
46 51
46 48
47 49
47 50
47 52
47 53
49 59
49 61
49 62
50 54
50 55
50 60
50 62
52 56
52 57
53 58
55 63
58 65
59 64
59 66
62 67
66 68
68 69
68 70
68 71
68 72
68 73
68 74
68 75
-1 -1
