75
23 18 15 16 Inf 8 2 23 16 4 20
24 Inf 16 10 12 19 21 18 24 5 24
25 11 4 5 5 17 22 16 1 17 5
26 7 5 Inf 24 3 5 8 1 21 5
23 17 2 13 19 Inf 8 22 7 20 5
22 14 Inf 18 Inf 8 17 18 Inf 16 3
6 5 1 6 5 2 3 Inf 4 4 3
22 10 12 5 19 4 12 5 2 9 3
23 Inf 22 16 Inf 16 6 1 23 3 16
21 18 1 17 Inf 1 6 3 Inf 7 4
22 4 Inf 6 18 4 4 4 20 8 20
15 Inf 15 4 2 Inf 2 2 4 12 2
5 2 5 3 1 Inf 2 4 5 4 4
23 1 20 18 Inf 16 15 1 2 18 23
4 3 1 1 2 3 Inf 1 2 Inf 1
26 5 1 10 1 Inf Inf 21 6 20 6
21 16 15 Inf 3 Inf 13 21 11 Inf 21
5 2 1 4 3 3 4 5 4 4 2
24 12 12 20 20 10 Inf 18 5 2 10
25 24 19 7 Inf 1 2 Inf 4 4 2
26 22 Inf 18 5 19 26 Inf 15 Inf 4
26 7 26 3 3 Inf 4 10 26 9 Inf
24 12 Inf 1 20 6 9 6 24 Inf 24
27 25 17 27 Inf 6 12 1 4 Inf 22
20 Inf 16 Inf 10 18 11 1 16 8 6
23 11 Inf 17 11 9 22 2 9 18 4
25 24 17 1 24 2 7 11 2 4 Inf
13 1 Inf 8 3 6 11 9 Inf 1 1
3 2 1 3 3 2 Inf 2 Inf 1 1
11 9 11 4 10 11 5 1 5 4 1
21 16 3 11 Inf 17 17 3 14 1 15
22 21 16 2 2 20 3 Inf 13 10 3
21 18 15 17 8 9 15 20 1 Inf Inf
22 20 14 20 Inf 5 17 20 2 2 15
25 14 1 13 18 16 19 9 Inf 5 Inf
8 1 6 4 5 8 6 2 1 5 4
22 8 Inf 14 16 8 6 15 7 17 4
24 6 3 16 22 3 20 7 Inf 3 15
22 1 4 1 6 11 18 14 7 6 Inf
21 8 10 2 6 12 Inf 19 20 Inf 12
6 4 Inf 1 5 6 2 5 2 3 4
26 26 19 25 7 17 9 3 2 Inf 6
22 10 Inf 7 Inf 17 5 14 13 16 Inf
6 3 4 2 4 4 5 5 5 2 1
21 9 1 2 1 9 Inf Inf 5 3 5
25 22 25 13 3 Inf 25 Inf 23 17 6
11 Inf 5 3 7 6 8 Inf 11 2 4
22 Inf 19 7 1 11 10 2 17 5 5
21 2 14 4 15 2 6 14 4 1 12
25 10 1 17 2 5 7 16 20 24 14
22 2 5 3 8 22 22 15 13 Inf 15
22 8 8 19 15 7 14 12 1 14 11
23 4 18 Inf 10 8 7 21 20 8 1
22 11 22 9 12 13 22 10 8 7 15
22 10 16 5 4 17 4 10 18 21 19
25 15 12 24 17 24 23 3 7 Inf 10
23 4 14 4 4 14 12 19 8 6 2
21 13 21 7 11 20 5 5 5 4 Inf
22 16 1 11 12 3 22 7 Inf 17 10
22 2 1 22 22 13 3 6 13 4 20
22 5 20 1 1 4 20 Inf 7 5 11
22 Inf 18 Inf 11 4 3 10 1 9 6
21 18 Inf 12 Inf 21 6 16 16 15 21
27 13 18 11 27 7 12 15 26 13 24
23 16 18 1 22 9 2 7 Inf 16 6
2 1 2 1 1 1 2 1 2 1 1
26 18 7 19 9 17 15 12 2 23 21
25 6 8 10 14 5 8 19 24 10 Inf
24 7 18 24 16 12 8 12 2 Inf 6
22 22 2 Inf 12 1 Inf 5 19 8 13
24 20 12 3 5 23 1 Inf 13 15 23
4 3 4 1 1 4 4 2 1 2 3
22 17 10 9 1 5 15 9 Inf 15 16
10 2 2 1 2 3 5 8 10 7 6
25 10 19 9 11 10 23 6 Inf 11 18
1 2
1 3
1 4
1 5
1 6
1 7
2 15
3 13
3 24
4 8
4 14
4 16
5 12
5 15
6 9
6 10
6 11
6 13
9 20
9 24
10 18
12 19
13 22
15 17
15 20
15 23
16 21
16 26
17 30
18 26
18 30
20 27
21 33
24 25
25 28
25 30
25 33
25 34
26 31
26 32
26 41
27 29
27 35
27 36
31 37
31 39
32 44
32 45
33 41
35 38
35 42
36 40
36 43
39 51
40 46
42 47
43 48
43 50
46 51
46 48
47 49
47 50
47 52
47 53
49 59
49 61
49 62
50 54
50 55
50 60
50 62
52 56
52 57
53 58
55 63
58 65
59 64
59 66
62 67
66 68
68 69
68 70
68 71
68 72
68 73
68 74
68 75
-1 -1
