75
23 12 46 34 25 14 Inf 41 32 25 35 35 46 34 Inf 40 25 10 37
24 11 6 Inf 34 8 Inf 4 15 8 48 15 10 10 43 43 42 14 1
25 7 12 32 42 32 9 47 42 18 Inf 6 1 33 43 15 31 8 1
26 10 2 13 14 32 33 28 35 47 45 26 48 32 48 44 30 19 Inf
23 4 1 5 3 40 27 18 25 45 3 4 16 19 17 45 14 30 9
22 40 3 Inf 40 4 26 34 33 43 3 3 42 1 Inf 2 35 Inf 8
6 8 7 Inf 3 2 7 1 1 2 12 10 11 12 2 7 Inf 4 10
22 29 13 15 6 32 42 29 42 42 17 43 16 19 Inf 11 38 10 12
23 44 13 3 29 42 18 34 11 34 16 7 11 11 18 31 30 17 21
21 36 16 10 11 35 Inf 42 34 1 28 Inf 7 28 12 13 3 34 Inf
22 13 22 Inf 33 41 19 28 21 8 27 26 40 33 6 1 7 16 32
15 24 6 27 8 15 13 14 5 Inf 14 4 15 7 8 10 21 27 10
5 6 1 9 Inf Inf 1 5 1 7 2 8 9 Inf 1 10 8 8 5
23 1 5 3 21 1 Inf 21 23 33 10 3 7 10 20 38 42 Inf 11
4 1 1 3 Inf 4 8 7 1 3 2 3 1 1 Inf 7 5 7 1
26 40 26 37 10 Inf 39 1 43 2 13 4 45 9 29 17 10 25 45
21 4 8 8 Inf 25 6 27 Inf 2 27 8 5 8 Inf 29 8 27 8
5 Inf 2 8 3 4 5 10 Inf 1 6 10 7 9 5 Inf 1 Inf 5
24 39 10 5 42 1 22 2 28 22 10 37 42 7 4 11 35 Inf 35
25 Inf 23 37 35 26 41 17 14 36 Inf 45 Inf 33 50 23 9 9 9
26 40 35 41 49 Inf 18 31 32 Inf 16 48 6 35 44 Inf 24 Inf 46
26 32 30 23 33 18 18 44 21 37 31 26 8 46 Inf 10 52 27 Inf
24 10 23 34 9 34 Inf 5 35 12 11 34 Inf 3 4 22 9 Inf 40
27 30 39 42 2 12 Inf 48 4 13 Inf 36 35 48 10 21 Inf 9 Inf
20 35 7 34 Inf 30 Inf 1 Inf 22 24 39 Inf 27 2 33 25 9 32
23 13 11 20 13 25 45 46 15 18 8 5 33 22 32 Inf 25 35 2
25 11 22 28 47 22 36 Inf Inf Inf 40 45 29 35 17 7 15 Inf 34
13 7 3 26 8 25 17 Inf 12 Inf Inf 24 6 7 19 19 18 3 19
3 6 5 2 1 2 2 2 Inf 5 5 1 4 2 6 Inf 1 1 Inf
11 3 4 12 7 17 7 Inf 2 Inf 12 Inf 6 22 2 4 15 5 2
21 Inf Inf 6 Inf 15 10 Inf 28 26 3 15 26 6 14 Inf 14 10 9
22 13 Inf 12 11 24 6 10 30 38 3 42 3 Inf Inf 18 31 12 21
21 Inf 5 42 11 36 36 2 19 8 4 13 30 3 37 6 8 9 13
22 Inf Inf 15 14 21 33 28 29 Inf Inf 22 16 9 40 12 26 39 10
25 29 9 49 27 20 Inf Inf 6 25 20 Inf Inf 12 11 47 10 43 10
8 8 11 3 1 3 14 14 7 13 15 2 Inf Inf 13 6 Inf 15 Inf
22 23 12 31 27 34 Inf 15 13 11 34 24 2 Inf 21 6 4 5 7
24 22 22 37 35 10 11 28 34 Inf Inf 48 27 35 18 Inf 18 25 Inf
22 11 Inf 1 41 33 28 Inf 40 43 28 25 6 6 Inf 42 23 28 38
21 32 42 36 33 39 30 27 19 25 23 17 10 22 19 24 28 42 36
6 Inf 11 11 7 2 4 2 5 7 2 7 10 9 3 4 Inf 7 2
26 22 Inf 35 10 2 38 Inf 6 8 19 Inf 39 16 31 28 26 Inf 42
22 28 15 Inf 43 12 28 16 2 15 4 23 20 5 10 38 29 18 Inf
6 8 Inf 3 6 2 Inf Inf Inf 6 3 7 12 11 10 4 Inf 1 2
21 15 31 Inf Inf 35 7 40 2 38 1 12 9 31 24 32 23 11 11
25 46 12 Inf 19 44 35 Inf 14 26 25 21 22 20 Inf 15 40 9 15
11 1 17 6 10 13 4 12 19 22 1 9 11 7 4 11 1 3 7
22 32 3 7 23 16 37 24 31 41 Inf 5 2 Inf 23 Inf 32 43 Inf
21 36 16 29 7 42 16 27 13 19 22 14 7 4 Inf 38 39 33 1
25 42 26 34 16 34 10 22 42 8 15 29 Inf 42 Inf 39 32 Inf 9
22 17 11 5 29 11 9 19 9 24 Inf 6 7 Inf 9 4 37 41 19
22 13 30 8 5 39 3 15 24 26 7 4 35 38 Inf 2 Inf 12 29
23 3 Inf 21 20 11 Inf 25 7 43 21 31 8 2 Inf 25 19 31 23
22 26 27 4 Inf 31 Inf 37 4 36 27 Inf 35 29 40 16 Inf 41 44
22 17 44 37 28 5 37 Inf 16 36 17 15 24 Inf 43 39 8 40 31
25 10 43 16 20 31 46 25 27 Inf 40 1 50 27 8 3 34 Inf 8
23 43 14 Inf 25 25 5 20 Inf 33 26 11 Inf 6 36 46 23 14 13
21 19 13 21 24 19 29 3 10 13 11 41 11 1 7 23 17 2 42
22 34 28 22 8 9 35 12 21 Inf 27 18 11 23 Inf 33 25 19 5
22 39 30 15 18 17 4 30 16 10 Inf 35 15 8 18 35 22 Inf 36
22 11 Inf Inf 41 Inf 16 26 33 25 10 31 22 26 32 Inf 16 14 Inf
22 2 11 27 32 13 10 43 17 27 13 7 Inf 28 13 5 39 Inf 20
21 35 4 27 11 39 17 31 28 6 15 9 19 29 9 31 13 28 18
27 46 30 10 Inf 48 45 7 49 6 6 Inf 17 Inf 44 48 40 51 24
23 42 17 4 Inf 32 28 Inf Inf 17 35 10 40 44 46 28 22 3 36
2 Inf 3 2 1 4 3 4 4 Inf 3 2 4 1 4 4 1 2 1
26 29 6 45 42 3 7 9 8 19 13 22 3 6 Inf 38 8 47 9
25 23 12 10 11 31 Inf 14 38 45 39 Inf 38 20 10 30 2 15 4
24 Inf 25 17 3 15 35 14 4 25 18 14 29 25 1 22 23 36 14
22 Inf 37 25 6 34 37 40 13 44 3 31 2 15 40 5 29 7 7
24 5 10 Inf 16 25 31 10 43 21 46 9 47 14 37 46 39 40 39
4 5 6 5 7 2 7 2 Inf 1 6 6 Inf 8 8 Inf 8 1 3
22 Inf Inf 31 1 20 24 33 Inf 19 17 11 15 39 39 44 24 19 36
10 12 1 19 5 9 20 3 2 16 18 11 3 17 15 8 2 11 8
25 Inf Inf 21 48 Inf 21 47 39 44 13 28 4 42 48 8 Inf 13 48
1 2
1 3
1 4
1 5
1 6
1 7
2 15
3 13
3 24
4 8
4 14
4 16
5 12
5 15
6 9
6 10
6 11
6 13
9 20
9 24
10 18
12 19
13 22
15 17
15 20
15 23
16 21
16 26
17 30
18 26
18 30
20 27
21 33
24 25
25 28
25 30
25 33
25 34
26 31
26 32
26 41
27 29
27 35
27 36
31 37
31 39
32 44
32 45
33 41
35 38
35 42
36 40
36 43
39 51
40 46
42 47
43 48
43 50
46 51
46 48
47 49
47 50
47 52
47 53
49 59
49 61
49 62
50 54
50 55
50 60
50 62
52 56
52 57
53 58
55 63
58 65
59 64
59 66
62 67
66 68
68 69
68 70
68 71
68 72
68 73
68 74
68 75
-1 -1
