75
23 Inf 34 18 23 Inf 10 Inf 26 Inf 43 8 15 42 5 21 17 18 6
24 33 4 2 17 4 19 17 36 36 46 29 9 Inf 23 34 12 16 44
25 41 Inf 15 12 3 23 25 3 41 46 8 46 43 Inf 8 13 33 5
26 6 22 12 31 3 48 24 Inf 45 52 42 12 31 4 38 17 3 39
23 6 8 39 1 41 3 42 Inf Inf 5 19 7 27 7 30 17 24 5
22 32 28 11 17 29 Inf 16 28 10 Inf 39 17 41 20 Inf 31 16 4
6 Inf 5 10 1 Inf 8 9 4 9 2 1 11 9 3 Inf 10 9 Inf
22 11 18 34 9 2 39 12 Inf 10 Inf 21 10 11 16 32 Inf 38 36
23 42 37 3 34 7 18 Inf 26 36 15 29 23 2 Inf 20 3 41 Inf
21 33 29 Inf 16 6 Inf 35 33 41 20 Inf 6 5 12 30 8 26 Inf
22 36 14 26 20 9 8 7 13 16 33 6 3 6 10 35 26 2 28
15 13 26 Inf 3 22 15 9 14 17 26 11 Inf Inf 11 5 10 Inf Inf
5 10 10 1 10 4 7 6 4 4 Inf 9 Inf Inf 3 4 4 7 3
23 43 15 10 4 45 26 11 31 18 31 22 31 9 26 21 Inf 30 35
4 4 2 2 4 Inf Inf 6 1 8 4 1 8 1 3 7 7 8 Inf
26 34 10 Inf 21 Inf 52 Inf 42 9 50 23 16 34 3 5 6 51 Inf
21 42 12 9 31 1 14 30 38 3 2 26 31 13 Inf 17 15 Inf 9
5 4 5 3 8 8 3 10 3 1 9 2 10 4 6 Inf 6 7 6
24 3 5 10 7 2 38 35 15 48 Inf 8 40 27 21 6 34 3 26
25 Inf 34 Inf 9 8 12 46 27 21 4 31 Inf 38 30 Inf 22 2 16
26 50 Inf 17 20 8 2 3 Inf 44 42 12 19 46 8 35 10 1 26
26 Inf Inf 50 29 Inf 47 11 Inf 21 47 18 1 51 6 38 Inf 11 39
24 9 10 37 Inf 42 8 19 17 25 13 12 14 26 8 22 29 11 5
27 6 15 54 22 31 54 Inf 44 Inf 21 29 42 37 19 10 Inf 36 Inf
20 39 11 28 22 9 28 9 38 38 4 27 26 16 26 26 19 19 20
23 17 25 9 31 Inf 7 46 38 Inf 44 45 23 34 30 Inf 32 24 Inf
25 38 4 23 5 8 14 46 11 46 1 Inf 47 20 10 12 Inf 45 5
13 9 4 16 7 1 20 26 Inf 20 4 13 5 18 16 11 Inf 11 6
3 6 1 Inf 2 2 Inf 4 Inf 2 4 6 3 Inf Inf Inf 2 6 3
11 6 7 6 7 10 19 Inf 7 Inf 1 Inf 1 18 7 1 14 13 2
21 Inf 39 20 34 Inf 9 4 29 3 9 Inf 14 39 27 17 42 11 31
22 Inf 13 26 37 22 19 28 32 Inf 13 39 29 Inf 5 43 1 16 42
21 15 20 Inf 18 9 23 41 22 19 5 32 Inf Inf 25 20 Inf 35 25
22 16 13 10 7 12 41 8 9 3 29 14 Inf 5 27 39 1 33 20
25 10 47 23 20 2 Inf 35 22 31 12 14 Inf Inf 40 12 33 1 18
8 4 11 4 12 2 14 3 7 10 6 5 Inf 7 3 Inf 15 5 15
22 42 21 10 Inf 21 12 8 3 5 Inf 1 Inf 21 12 24 31 39 Inf
24 47 19 16 Inf 16 Inf 1 44 48 1 21 16 8 18 21 42 47 9
22 22 43 42 28 1 39 33 5 32 18 11 35 22 6 6 22 6 Inf
21 22 41 38 Inf 21 Inf 3 42 26 3 27 Inf 30 26 18 11 Inf 34
6 10 10 11 12 5 9 11 Inf 6 3 5 12 8 10 2 8 10 9
26 Inf 12 34 9 18 1 11 44 30 32 Inf Inf Inf 17 21 6 6 24
22 29 11 23 42 33 9 41 2 12 34 26 Inf 16 Inf 31 44 35 31
6 11 6 1 3 1 Inf 10 9 5 10 6 11 3 12 11 12 12 12
21 Inf 18 Inf 17 1 Inf 7 11 9 32 10 Inf 12 5 41 3 Inf 30
25 5 43 5 9 44 2 1 17 47 Inf 24 33 1 32 12 Inf Inf 23
11 12 20 Inf 2 17 6 9 14 16 6 19 10 5 9 10 2 2 16
22 35 4 9 26 32 9 37 43 35 31 7 8 34 38 Inf 13 20 38
21 35 23 38 Inf 8 14 21 10 Inf 1 Inf 11 7 21 Inf 10 38 35
25 28 25 Inf 49 38 30 39 41 Inf 16 28 Inf 29 38 31 36 44 47
22 14 11 8 6 19 15 14 12 4 13 36 15 40 21 18 Inf 27 16
22 1 37 4 43 20 20 40 28 41 18 40 30 2 23 37 22 6 2
23 4 17 Inf 11 15 Inf 20 19 Inf Inf 2 19 4 20 18 25 6 23
22 22 12 32 37 7 40 20 20 23 4 18 9 4 39 19 25 6 32
22 41 20 38 4 29 5 6 37 19 Inf 29 37 Inf 17 10 4 Inf 12
25 3 31 25 36 50 3 4 Inf 29 37 11 1 45 44 Inf 22 10 6
23 1 Inf Inf 21 8 Inf 42 Inf 24 37 16 18 10 38 36 44 Inf Inf
21 Inf Inf 20 21 14 36 2 17 38 Inf 9 4 7 Inf 41 34 1 41
22 5 42 42 20 27 44 19 15 20 Inf 14 13 4 41 17 Inf Inf 44
22 37 36 6 23 33 13 Inf Inf 5 13 38 19 12 9 Inf 12 12 44
22 3 26 9 Inf 40 6 6 31 41 37 4 37 15 39 Inf Inf 34 17
22 11 24 16 7 20 4 30 17 28 Inf Inf 32 1 31 11 Inf 43 38
21 7 7 19 5 22 7 Inf 25 21 38 36 1 21 31 21 6 25 Inf
27 45 11 Inf 50 22 32 Inf 42 11 54 13 6 8 42 12 22 9 6
23 27 28 33 10 10 45 Inf 38 6 Inf 35 30 26 39 31 26 11 6
2 1 1 Inf 1 3 Inf 1 1 3 4 3 3 Inf 4 1 2 2 4
26 38 1 17 Inf 34 50 24 28 13 40 32 32 Inf Inf 30 22 29 5
25 46 48 Inf 48 38 12 2 21 8 34 6 31 5 20 Inf 37 Inf 16
24 44 Inf 39 Inf 9 4 39 36 10 29 43 Inf 23 Inf 3 41 Inf 44
22 42 6 17 7 13 1 25 38 4 36 20 35 22 13 7 20 42 25
24 25 20 8 48 Inf 9 26 5 13 48 42 45 Inf 46 Inf 7 24 25
4 2 4 1 4 7 6 1 1 Inf 3 8 1 4 6 7 1 Inf 4
22 16 Inf Inf 6 37 30 20 Inf 7 3 15 40 Inf Inf 11 5 35 31
10 10 8 Inf 13 Inf 12 Inf 2 7 13 17 13 4 7 12 8 4 20
25 30 7 14 32 16 7 42 44 3 10 Inf 4 28 1 1 20 2 Inf
1 2
1 3
1 4
1 5
1 6
1 7
2 15
3 13
3 24
4 8
4 14
4 16
5 12
5 15
6 9
6 10
6 11
6 13
9 20
9 24
10 18
12 19
13 22
15 17
15 20
15 23
16 21
16 26
17 30
18 26
18 30
20 27
21 33
24 25
25 28
25 30
25 33
25 34
26 31
26 32
26 41
27 29
27 35
27 36
31 37
31 39
32 44
32 45
33 41
35 38
35 42
36 40
36 43
39 51
40 46
42 47
43 48
43 50
46 51
46 48
47 49
47 50
47 52
47 53
49 59
49 61
49 62
50 54
50 55
50 60
50 62
52 56
52 57
53 58
55 63
58 65
59 64
59 66
62 67
66 68
68 69
68 70
68 71
68 72
68 73
68 74
68 75
-1 -1
