75
23 21 23 18 2 10 38 3 20 7 27 23 1 5 43 Inf 18 Inf 44
24 Inf 32 19 32 16 39 Inf Inf 8 14 14 Inf 42 32 38 13 8 18
25 11 40 5 17 43 Inf 26 39 16 Inf 32 Inf 43 29 3 16 Inf 14
26 29 6 48 21 41 28 49 1 34 44 44 11 5 12 29 3 31 35
23 1 32 6 37 21 5 Inf Inf 10 Inf 3 13 20 35 Inf 30 18 11
22 9 19 34 21 6 8 25 3 43 29 28 34 31 1 11 31 9 23
6 1 2 11 Inf 7 1 10 10 12 9 3 2 Inf 11 3 4 7 5
22 44 37 Inf 16 37 17 44 22 9 19 Inf 23 22 25 36 2 28 31
23 38 22 Inf 1 38 41 21 1 38 2 46 32 46 23 11 3 18 33
21 20 20 Inf Inf 23 3 31 8 18 Inf 11 Inf 5 25 17 6 Inf 16
22 44 25 17 Inf 9 Inf 14 34 24 41 11 30 33 24 Inf 16 29 10
15 Inf Inf 2 2 29 18 8 4 3 5 14 Inf 19 19 17 25 17 18
5 1 2 1 1 9 8 4 3 3 7 4 4 6 3 8 10 3 10
23 33 43 21 39 40 46 2 Inf 2 19 Inf 43 45 4 7 11 44 15
4 7 1 7 3 Inf 2 7 6 1 8 7 1 2 1 Inf Inf 6 Inf
26 45 28 36 36 25 11 Inf 14 27 41 21 Inf 28 40 26 44 28 Inf
21 3 1 24 40 33 21 22 10 7 3 24 29 12 5 Inf Inf 20 38
5 8 4 1 Inf 2 9 Inf 7 9 5 9 Inf 4 9 4 8 Inf Inf
24 19 22 10 36 42 Inf 15 Inf 7 21 3 25 Inf 45 40 37 12 Inf
25 25 15 26 Inf 31 34 21 33 2 21 17 22 11 23 6 12 48 25
26 Inf Inf 42 41 Inf 17 Inf 51 33 37 Inf Inf 2 5 3 34 41 10
26 Inf 6 29 5 13 Inf 25 Inf 10 41 24 8 13 12 38 35 42 50
24 46 21 5 28 Inf 13 9 8 26 38 9 Inf 18 7 Inf Inf 35 40
27 54 47 28 53 23 42 29 47 14 Inf 52 54 50 26 21 18 29 36
20 10 19 8 14 39 3 Inf 5 6 Inf 8 20 23 11 26 32 Inf 34
23 24 5 27 31 14 31 20 13 20 21 34 12 28 30 14 Inf 28 44
25 6 31 47 37 33 6 25 6 Inf 10 13 28 4 41 Inf 7 38 37
13 15 1 14 7 19 2 Inf 21 16 22 15 6 5 10 6 Inf 18 3
3 1 2 1 2 2 2 3 1 5 6 Inf 1 6 4 1 Inf 6 1
11 1 17 19 14 1 14 20 9 8 10 7 15 10 18 15 Inf 20 17
21 7 17 11 Inf 40 11 11 7 19 Inf 12 Inf 1 40 29 28 Inf Inf
22 29 4 13 18 5 30 Inf 34 31 36 12 38 30 20 40 38 16 11
21 32 1 32 8 Inf 36 29 15 10 2 1 29 24 23 31 19 Inf 42
22 9 Inf 32 12 37 7 33 43 40 41 32 26 8 Inf 7 22 10 29
25 9 34 1 23 45 17 Inf 14 27 11 41 10 4 Inf 3 11 3 35
8 2 10 Inf 15 11 3 3 8 16 9 3 3 4 4 Inf Inf 1 12
22 32 Inf 25 25 25 22 16 2 16 Inf 29 Inf 18 Inf 1 12 9 Inf
24 42 8 12 4 7 23 16 4 2 30 2 24 12 17 Inf 7 5 36
22 42 42 11 25 Inf 40 34 5 2 12 41 13 Inf 15 28 39 Inf Inf
21 29 28 27 11 10 27 10 9 14 2 28 33 36 28 36 22 27 37
6 12 5 10 10 12 10 2 10 9 7 10 1 Inf 1 1 11 10 12
26 Inf 34 Inf 29 41 1 44 8 45 4 17 43 6 18 44 22 27 19
22 10 26 8 9 19 27 Inf Inf 24 12 Inf 2 13 34 35 Inf 22 4
6 8 3 Inf 1 9 2 10 Inf Inf Inf 1 8 8 7 10 11 8 Inf
21 Inf 38 40 36 1 22 13 2 Inf 18 42 24 Inf 10 16 16 37 35
25 21 20 29 12 14 39 38 32 5 42 34 40 Inf 4 7 1 34 23
11 14 21 14 Inf 9 10 10 6 3 6 11 Inf 12 Inf 13 Inf 7 4
22 13 21 17 Inf 18 39 7 34 4 24 36 27 16 18 16 11 Inf 25
21 8 9 17 40 23 Inf 27 39 37 7 12 42 21 35 Inf Inf Inf Inf
25 15 41 49 25 12 2 48 38 6 36 31 29 5 9 44 31 22 Inf
22 9 25 28 42 5 38 2 15 4 10 12 15 8 Inf 7 Inf 19 28
22 10 41 3 7 3 Inf 38 11 11 29 5 2 2 34 25 36 Inf 44
23 5 29 25 19 43 8 12 11 44 40 16 6 9 Inf 16 6 15 40
22 16 30 8 38 16 27 21 20 4 Inf 25 29 14 15 34 6 Inf 35
22 4 28 41 7 6 Inf Inf 16 8 23 9 Inf 12 Inf 26 Inf 1 31
25 49 12 45 21 Inf 46 33 12 10 6 49 28 7 48 48 10 5 6
23 8 29 14 37 11 42 21 19 23 3 Inf Inf 16 28 23 33 7 44
21 16 16 Inf 16 28 35 7 34 19 1 Inf 22 29 5 40 3 23 29
22 23 5 26 2 37 14 32 44 1 41 29 24 43 Inf Inf 40 19 11
22 6 40 Inf 17 20 9 40 20 37 Inf 20 3 32 41 Inf 5 43 16
22 7 5 28 22 32 22 6 12 38 27 5 9 33 29 5 4 27 28
22 18 38 33 11 33 39 38 39 Inf Inf 1 11 37 Inf 32 6 43 Inf
21 38 15 9 7 13 25 33 15 8 10 2 24 14 36 Inf 40 29 37
27 51 51 19 50 4 Inf 44 Inf 5 11 54 41 50 26 36 34 15 35
23 Inf 32 Inf 34 Inf 2 12 16 21 41 26 39 4 41 Inf 43 27 45
2 4 2 2 Inf 1 1 1 2 4 2 4 Inf Inf 3 1 4 4 2
26 16 Inf 33 17 26 38 Inf 26 3 Inf 15 23 27 49 9 23 Inf 42
25 Inf Inf Inf 36 20 7 38 5 10 Inf Inf 36 14 14 32 10 26 25
24 35 37 Inf 15 Inf 42 35 8 40 6 42 21 21 43 Inf 23 48 5
22 9 19 29 21 34 Inf 7 Inf 35 40 16 Inf 3 3 9 33 37 20
24 43 18 13 42 47 6 39 11 4 39 38 21 47 2 41 15 4 14
4 3 5 5 1 Inf 1 1 4 1 7 5 1 5 7 2 3 8 3
22 Inf 1 8 33 44 40 12 23 Inf 20 21 29 21 28 3 9 Inf 22
10 15 4 9 7 Inf 10 3 19 17 Inf 6 5 2 19 8 20 5 4
25 45 9 36 10 26 9 Inf 28 12 30 Inf 18 44 9 15 16 36 3
1 2
1 3
1 4
1 5
1 6
1 7
2 15
3 13
3 24
4 8
4 14
4 16
5 12
5 15
6 9
6 10
6 11
6 13
9 20
9 24
10 18
12 19
13 22
15 17
15 20
15 23
16 21
16 26
17 30
18 26
18 30
20 27
21 33
24 25
25 28
25 30
25 33
25 34
26 31
26 32
26 41
27 29
27 35
27 36
31 37
31 39
32 44
32 45
33 41
35 38
35 42
36 40
36 43
39 51
40 46
42 47
43 48
43 50
46 51
46 48
47 49
47 50
47 52
47 53
49 59
49 61
49 62
50 54
50 55
50 60
50 62
52 56
52 57
53 58
55 63
58 65
59 64
59 66
62 67
66 68
68 69
68 70
68 71
68 72
68 73
68 74
68 75
-1 -1
