75
23 2 35 41 44 Inf 4 23 37 Inf 31 11 34 Inf 23 5 Inf 22 Inf
24 36 6 23 43 Inf 46 Inf 7 9 17 31 41 Inf 3 Inf 48 24 Inf
25 Inf Inf Inf Inf 28 23 36 10 11 29 28 37 41 28 6 44 43 22
26 29 6 32 22 40 36 Inf 11 3 51 32 38 11 1 Inf 14 29 13
23 Inf 16 4 32 27 11 15 30 15 3 31 Inf 34 6 44 38 11 Inf
22 37 22 12 22 3 6 26 14 3 Inf 20 13 39 27 39 31 30 5
6 4 7 5 2 Inf 9 10 2 Inf Inf 5 3 9 6 12 10 5 2
22 30 29 41 25 24 43 5 20 33 11 34 Inf 15 42 44 13 12 39
23 Inf 7 10 8 3 9 13 16 32 30 27 19 Inf 18 1 Inf Inf 40
21 21 19 18 22 19 9 9 26 22 27 21 4 8 23 27 24 8 21
22 33 12 2 1 28 33 10 36 10 Inf 27 7 Inf 22 6 12 4 27
15 14 20 28 27 20 7 6 14 22 Inf 7 2 19 9 28 13 12 18
5 8 8 Inf 9 8 4 9 5 Inf 4 Inf 2 Inf Inf 5 3 10 1
23 11 15 5 2 Inf 45 31 15 1 Inf 2 Inf 7 Inf 26 Inf 21 22
4 6 5 6 2 7 4 4 2 4 3 8 7 1 7 1 Inf 6 3
26 45 Inf 31 50 32 39 8 31 17 15 51 39 30 41 51 38 35 7
21 12 27 6 31 12 23 11 18 42 13 8 16 38 42 Inf 7 10 28
5 6 2 2 6 1 6 7 8 10 3 4 1 2 9 1 3 7 6
24 Inf 21 45 26 3 4 10 13 10 10 23 9 45 25 7 24 47 2
25 50 24 20 Inf 39 50 12 2 2 21 12 12 50 33 24 10 43 41
26 26 26 22 43 20 10 18 46 10 39 26 47 11 25 2 Inf 5 24
26 Inf 11 3 51 7 10 15 14 11 24 38 12 34 25 18 37 19 43
24 17 Inf 7 10 Inf 33 43 3 22 28 9 15 10 Inf 6 46 Inf 42
27 17 45 1 44 34 51 7 25 49 44 48 2 7 22 34 Inf Inf Inf
20 11 32 32 40 6 4 20 4 39 22 7 Inf 18 7 14 37 2 Inf
23 31 11 32 46 23 3 Inf 20 11 17 28 7 10 6 43 42 7 8
25 5 12 24 7 28 40 45 Inf 42 24 6 3 1 12 35 18 39 30
13 19 14 20 18 1 4 16 10 21 3 9 12 4 Inf 21 20 20 1
3 2 1 6 6 1 6 1 4 2 4 3 4 6 5 5 5 Inf 3
11 17 21 1 8 7 18 14 19 7 18 16 19 11 2 14 16 17 20
21 21 Inf 21 19 35 2 9 Inf 9 8 26 26 23 2 34 9 28 20
22 34 35 23 10 36 Inf 17 12 17 19 Inf Inf Inf 22 26 19 33 6
21 8 34 20 7 7 33 33 21 9 Inf 40 31 37 Inf 21 36 8 29
22 Inf 22 24 30 25 35 10 6 18 16 37 39 34 5 8 25 37 34
25 10 40 13 46 35 4 36 33 38 5 7 15 1 35 24 Inf 35 33
8 8 10 2 8 Inf 3 10 2 10 11 14 2 1 13 4 6 4 14
22 8 11 10 1 41 32 15 7 9 4 3 10 29 26 3 17 6 Inf
24 5 Inf 19 40 40 8 32 Inf 40 12 48 48 45 38 37 35 10 23
22 10 Inf 22 43 42 38 Inf 44 25 34 40 Inf 6 26 22 43 1 23
21 42 10 16 20 11 11 17 20 3 33 Inf 8 3 2 30 33 10 13
6 8 10 4 Inf 4 11 12 12 8 12 Inf 12 3 7 6 12 9 Inf
26 47 28 20 2 38 19 12 Inf 39 7 1 17 10 50 12 8 8 2
22 21 39 32 29 4 2 24 5 2 Inf 24 Inf 8 3 42 Inf 30 Inf
6 4 9 2 5 Inf 4 4 9 6 6 11 3 2 10 6 1 Inf 8
21 Inf 2 18 28 21 35 26 29 8 28 31 9 7 3 10 12 10 36
25 40 34 12 Inf 13 18 26 12 6 29 47 42 15 13 Inf 3 39 31
11 10 20 14 14 3 12 6 4 14 7 19 Inf 10 Inf 17 2 13 15
22 29 43 24 12 30 37 21 21 11 2 Inf 37 12 25 5 14 11 41
21 35 Inf 24 Inf 37 34 4 27 38 8 14 24 16 24 14 3 19 2
25 35 9 Inf 11 10 Inf Inf 13 46 Inf 4 36 24 9 19 17 21 20
22 31 8 6 1 23 36 26 Inf 33 15 38 43 Inf 29 31 9 17 9
22 41 25 29 24 10 30 24 11 1 36 9 Inf Inf 34 44 5 14 38
23 6 18 14 25 45 39 46 32 7 1 27 35 21 46 24 44 30 39
22 9 8 Inf 25 Inf 4 4 20 7 32 33 Inf 34 35 10 Inf 15 9
22 22 15 32 Inf Inf Inf 7 2 18 12 43 3 3 5 24 23 25 21
25 49 22 38 48 5 35 16 Inf Inf Inf Inf 17 35 44 3 Inf 16 29
23 17 39 2 41 Inf 2 6 25 25 35 3 34 43 33 Inf Inf 32 35
21 Inf 15 11 37 3 24 1 Inf 41 4 4 Inf 23 16 12 Inf 32 28
22 16 11 31 40 5 33 8 5 31 14 1 8 16 33 31 19 29 Inf
22 5 41 1 12 9 36 28 12 29 18 29 32 Inf 34 Inf Inf Inf 35
22 Inf 41 20 27 21 32 12 25 Inf 10 20 25 34 13 4 32 1 21
22 10 43 Inf 37 Inf 12 24 35 33 24 33 43 19 9 Inf 4 37 39
21 32 12 9 19 19 Inf Inf 11 10 10 14 23 17 4 22 2 1 23
27 47 14 11 30 9 7 Inf 9 23 44 Inf 44 34 Inf Inf 8 19 35
23 5 34 Inf 39 2 40 34 16 5 5 35 2 2 32 33 7 23 37
2 Inf 3 3 2 Inf 4 Inf 2 2 3 Inf Inf 4 Inf 1 4 1 1
26 7 6 29 51 Inf 1 9 46 24 45 39 51 22 15 2 15 6 5
25 18 37 Inf 40 1 45 27 16 11 1 24 25 5 47 9 32 2 6
24 36 37 41 16 32 Inf 48 29 27 39 32 16 Inf 24 Inf 22 24 33
22 Inf 24 42 16 26 41 Inf 23 37 24 25 16 18 15 31 30 26 Inf
24 22 37 9 24 9 5 26 33 18 12 44 9 12 16 41 38 3 1
4 4 7 7 6 Inf 7 Inf 4 5 7 1 2 Inf 7 7 3 5 3
22 8 32 23 44 6 31 20 17 11 Inf 19 41 17 39 Inf 40 15 3
10 9 1 13 5 4 20 Inf 6 15 Inf 2 12 Inf 13 Inf 14 4 17
25 22 10 8 1 43 Inf 6 12 11 43 9 21 40 4 Inf 4 33 Inf
1 2
1 3
1 4
1 5
1 6
1 7
2 15
3 13
3 24
4 8
4 14
4 16
5 12
5 15
6 9
6 10
6 11
6 13
9 20
9 24
10 18
12 19
13 22
15 17
15 20
15 23
16 21
16 26
17 30
18 26
18 30
20 27
21 33
24 25
25 28
25 30
25 33
25 34
26 31
26 32
26 41
27 29
27 35
27 36
31 37
31 39
32 44
32 45
33 41
35 38
35 42
36 40
36 43
39 51
40 46
42 47
43 48
43 50
46 51
46 48
47 49
47 50
47 52
47 53
49 59
49 61
49 62
50 54
50 55
50 60
50 62
52 56
52 57
53 58
55 63
58 65
59 64
59 66
62 67
66 68
68 69
68 70
68 71
68 72
68 73
68 74
68 75
-1 -1
