75
23 38 45 30 46 34 36 Inf 28 6 Inf 43 Inf 6 29 Inf 29 33 13
24 5 42 17 37 3 13 31 5 17 6 47 18 27 4 48 17 10 Inf
25 14 44 46 4 11 41 28 23 8 48 4 39 48 43 Inf 7 12 Inf
26 27 5 Inf 10 3 38 Inf 31 31 50 36 42 12 8 25 7 29 28
23 41 Inf 12 39 Inf 35 19 14 43 12 38 5 Inf 37 3 28 42 7
22 15 25 20 10 18 43 Inf 9 37 Inf 35 Inf 5 27 3 4 20 Inf
6 12 7 7 1 Inf 7 9 12 6 8 Inf 1 1 7 12 11 1 11
22 32 26 5 34 43 38 4 43 11 Inf 23 8 2 7 36 28 Inf 35
23 20 7 Inf 8 2 36 16 9 14 9 Inf 4 26 18 20 44 3 23
21 18 8 17 9 32 30 21 7 11 16 9 19 37 20 4 4 10 25
22 21 12 19 Inf 30 11 34 10 5 1 12 9 8 29 32 1 25 32
15 10 27 2 4 Inf 3 4 7 3 13 26 27 18 7 14 13 8 18
5 1 6 Inf 2 3 9 4 6 Inf 9 1 7 4 10 4 3 5 9
23 30 17 33 13 29 44 4 43 34 20 Inf 23 17 15 28 34 13 30
4 7 8 3 3 4 2 6 7 7 4 Inf 4 Inf 1 6 4 4 1
26 17 39 Inf 1 50 26 6 27 Inf Inf Inf 8 50 20 46 5 44 32
21 4 Inf 13 Inf 27 12 34 6 Inf 32 22 11 17 4 13 33 11 33
5 4 Inf 1 1 1 Inf 3 7 10 7 1 10 Inf 4 3 Inf 9 3
24 48 27 14 43 18 4 14 1 9 18 34 2 2 23 10 30 35 2
25 22 Inf 31 Inf 33 1 24 43 42 22 Inf 39 46 11 9 8 11 4
26 Inf 3 1 30 12 20 37 27 36 39 11 4 Inf 30 1 23 28 43
26 47 6 20 47 32 4 2 22 32 46 Inf 44 27 49 42 Inf Inf 15
24 43 18 4 8 10 18 4 5 26 24 2 44 Inf 24 5 12 28 9
27 18 17 42 50 5 46 24 3 38 44 30 46 31 50 11 8 17 38
20 28 9 Inf 40 26 8 2 5 Inf 26 2 29 3 27 Inf 1 1 38
23 12 11 6 14 20 24 35 45 46 46 Inf 17 10 5 41 26 21 Inf
25 13 30 30 19 Inf 10 22 36 46 40 Inf Inf 15 17 Inf 33 34 1
13 20 25 15 13 20 6 8 23 25 24 Inf 14 9 2 Inf 10 25 4
3 4 2 5 6 Inf 6 4 2 4 Inf 3 2 3 5 5 5 4 3
11 18 Inf Inf 19 8 6 10 21 5 15 Inf 9 14 5 17 20 19 8
21 Inf Inf 4 24 Inf 16 30 24 23 Inf 40 20 33 4 3 42 37 Inf
22 6 20 27 Inf 29 5 Inf 3 10 11 Inf 9 2 19 40 22 31 33
21 12 Inf 33 3 2 32 11 42 8 35 Inf 34 19 21 23 6 7 3
22 32 6 31 14 41 29 12 6 Inf 27 38 13 Inf 22 Inf 19 21 22
25 3 3 2 13 Inf 16 31 43 12 48 18 43 9 13 5 21 10 4
8 6 14 3 11 4 7 12 6 15 11 9 Inf 4 2 9 4 3 12
22 14 Inf 34 2 Inf 5 15 2 18 40 10 41 17 18 33 Inf 5 26
24 5 21 6 46 40 Inf 1 43 19 32 21 18 12 5 16 Inf 27 Inf
22 16 Inf 31 Inf 42 6 2 23 17 37 9 40 5 Inf 8 33 11 42
21 31 Inf 26 42 29 5 5 24 29 13 37 4 8 5 35 29 10 2
6 7 Inf 10 9 Inf 5 2 7 Inf 4 7 6 12 Inf 9 2 7 7
26 34 51 5 51 50 40 32 4 3 45 48 45 21 6 13 44 22 17
22 24 5 10 Inf 3 8 4 30 33 15 1 33 7 26 23 21 22 Inf
6 9 6 3 3 Inf 10 11 12 12 12 2 3 Inf 8 3 10 11 7
21 9 33 Inf 10 26 23 1 39 1 37 17 15 2 4 5 15 29 4
25 12 19 44 30 12 26 49 41 43 37 34 10 49 1 45 33 19 7
11 14 21 6 11 21 9 5 Inf 14 22 16 20 1 4 4 10 5 4
22 9 5 11 34 5 Inf 4 39 43 35 25 Inf 4 2 2 11 37 19
21 38 Inf 21 2 10 42 2 18 Inf 30 Inf 42 41 12 2 3 38 35
25 40 36 25 28 25 Inf Inf 32 46 38 5 42 14 5 6 12 1 27
22 20 25 23 23 27 21 44 24 Inf Inf 14 1 35 32 30 42 36 36
22 33 8 Inf 19 Inf 29 30 19 29 10 25 5 Inf 40 16 7 32 1
23 39 35 Inf Inf 6 Inf 46 13 29 26 5 21 30 30 2 25 3 10
22 39 1 41 20 24 40 21 11 44 5 1 12 23 9 41 7 13 33
22 10 8 Inf 11 36 7 18 21 42 29 7 37 30 19 10 33 21 Inf
25 14 6 Inf Inf 23 45 Inf 16 48 11 43 8 Inf 47 Inf 36 11 Inf
23 23 6 10 40 20 36 31 23 3 2 Inf 6 Inf 37 Inf 10 30 3
21 41 11 29 5 30 33 Inf 4 20 11 37 9 31 17 27 Inf 1 6
22 27 17 24 24 5 3 12 23 31 13 41 30 Inf 12 5 11 37 22
22 35 2 43 21 32 18 Inf Inf 41 11 5 28 44 7 35 18 27 1
22 14 10 28 20 20 30 33 5 10 35 38 10 44 13 5 12 22 7
22 18 11 Inf 30 4 31 28 26 28 7 16 9 6 18 36 Inf 9 26
21 3 30 29 Inf 19 11 11 Inf 38 Inf 9 3 36 16 8 9 5 17
27 11 5 Inf 39 32 Inf 9 16 37 37 6 8 41 11 44 42 Inf 18
23 12 39 37 41 Inf 19 25 11 18 23 12 18 23 14 Inf Inf 29 37
2 1 Inf 4 Inf 2 4 2 2 Inf 1 2 4 1 3 3 4 Inf 2
26 25 6 29 6 4 13 15 14 Inf 51 Inf 32 36 12 24 42 40 9
25 20 18 5 32 8 42 6 43 44 Inf 5 14 10 Inf 3 32 11 11
24 46 Inf 42 43 Inf 42 36 Inf Inf 37 37 30 40 39 30 Inf 8 22
22 43 22 32 12 14 27 Inf 29 5 8 Inf 25 2 Inf 32 Inf 26 Inf
24 19 47 43 4 15 40 22 Inf Inf 3 38 1 16 17 23 1 2 33
4 4 4 5 2 2 6 4 6 6 Inf 8 4 Inf 6 2 1 1 8
22 43 39 25 21 10 23 37 3 34 22 37 21 31 28 35 38 40 25
10 8 7 5 15 5 20 8 5 2 8 8 4 19 7 6 13 15 Inf
25 Inf 21 43 27 21 34 6 34 44 12 Inf 6 31 17 39 Inf Inf 47
1 2
1 3
1 4
1 5
1 6
1 7
2 15
3 13
3 24
4 8
4 14
4 16
5 12
5 15
6 9
6 10
6 11
6 13
9 20
9 24
10 18
12 19
13 22
15 17
15 20
15 23
16 21
16 26
17 30
18 26
18 30
20 27
21 33
24 25
25 28
25 30
25 33
25 34
26 31
26 32
26 41
27 29
27 35
27 36
31 37
31 39
32 44
32 45
33 41
35 38
35 42
36 40
36 43
39 51
40 46
42 47
43 48
43 50
46 51
46 48
47 49
47 50
47 52
47 53
49 59
49 61
49 62
50 54
50 55
50 60
50 62
52 56
52 57
53 58
55 63
58 65
59 64
59 66
62 67
66 68
68 69
68 70
68 71
68 72
68 73
68 74
68 75
-1 -1
