75
23 13 6 Inf 35 Inf 30 4 33 36 43 12 10 1 17 2 6 6 1
24 47 27 23 48 7 47 33 3 16 Inf Inf 2 15 19 6 33 4 9
25 8 13 34 50 42 35 35 34 38 23 10 15 47 Inf 34 Inf 13 50
26 14 39 44 21 50 39 Inf 24 14 26 50 32 51 17 13 16 11 26
23 42 Inf 29 9 46 37 11 25 24 18 32 1 15 1 27 2 25 2
22 35 39 5 39 25 36 13 4 34 33 20 42 14 21 20 43 7 19
6 1 4 2 Inf Inf Inf 6 1 1 11 3 6 10 2 12 10 7 12
22 1 19 22 17 17 11 29 12 34 20 43 Inf 32 Inf 16 17 10 16
23 15 34 10 46 11 34 Inf 26 Inf 4 28 Inf Inf 3 44 9 43 17
21 Inf 16 36 33 9 16 41 7 41 9 19 42 41 40 3 Inf 17 6
22 14 16 Inf 41 43 35 Inf Inf 37 26 Inf 20 32 44 18 9 40 23
15 14 1 16 Inf 4 29 25 11 16 23 24 27 27 18 12 3 2 10
5 Inf 5 9 Inf 10 6 2 9 2 2 9 5 8 10 2 5 5 2
23 11 Inf 20 14 2 24 46 39 24 11 Inf 24 20 5 33 22 43 1
4 2 8 5 Inf 4 Inf 1 8 2 2 8 1 Inf 7 5 2 3 Inf
26 Inf 41 36 7 5 25 11 13 18 1 28 3 5 49 51 26 25 9
21 20 31 37 11 38 Inf 40 15 Inf 7 3 Inf 31 37 26 23 42 38
5 2 4 9 6 1 5 1 3 8 Inf 2 Inf 9 9 8 Inf 8 10
24 12 12 28 32 27 12 4 6 41 17 44 7 40 36 5 23 14 8
25 47 8 31 19 50 22 31 30 29 35 18 13 Inf 1 43 31 36 11
26 30 4 1 Inf Inf 9 20 27 44 46 10 25 24 13 7 2 12 25
26 34 42 28 6 21 33 Inf Inf Inf 28 33 47 49 10 20 29 32 52
24 35 12 32 28 23 29 Inf 11 16 23 13 1 38 37 15 30 37 14
27 23 Inf 35 18 25 43 Inf 13 6 10 9 25 12 32 47 3 18 40
20 Inf 15 29 33 Inf 16 3 12 Inf 15 Inf 4 20 Inf 7 32 Inf 9
23 46 6 9 2 3 16 13 32 3 43 35 36 3 41 18 12 Inf 6
25 11 33 30 17 5 38 10 43 28 13 35 49 6 12 20 12 5 10
13 3 7 10 8 13 Inf 26 8 4 18 19 18 Inf 19 5 14 15 7
3 2 5 3 5 2 1 6 5 5 6 2 4 3 Inf 4 Inf 5 2
11 5 8 15 19 19 17 8 16 19 16 3 14 Inf 7 18 20 10 6
21 8 40 Inf 28 Inf 34 9 Inf Inf 40 39 21 29 Inf Inf 13 34 Inf
22 5 3 4 14 34 12 8 12 Inf 41 16 44 7 33 34 29 21 Inf
21 12 10 3 16 11 23 25 Inf Inf 41 30 15 1 4 9 40 38 2
22 29 43 38 3 13 11 1 35 31 11 Inf 33 36 3 16 15 16 14
25 12 44 38 31 32 Inf 28 17 Inf 9 8 32 46 Inf 13 45 25 42
8 5 9 4 Inf 5 Inf 7 Inf 16 9 11 2 2 2 9 1 16 14
22 30 10 6 13 Inf 33 27 Inf 37 26 10 42 9 31 Inf 39 40 31
24 25 8 23 7 13 44 22 19 3 20 Inf 22 4 5 36 46 3 31
22 2 42 19 7 Inf 41 Inf Inf 36 7 37 2 2 Inf 31 37 10 7
21 2 1 38 32 Inf 9 5 42 28 1 17 24 34 24 15 1 12 Inf
6 8 11 2 10 9 11 6 9 4 6 12 11 6 Inf 10 12 1 10
26 Inf 9 38 18 32 36 Inf 7 26 3 26 41 Inf 33 4 52 29 14
22 2 7 38 Inf 40 19 31 21 18 Inf 41 14 26 34 Inf 42 17 28
6 Inf 1 Inf 4 10 4 11 10 Inf 9 11 4 Inf 11 2 Inf 9 9
21 10 15 18 41 37 Inf 17 30 10 25 22 41 1 1 3 17 25 26
25 10 13 12 31 13 28 13 21 15 39 30 1 2 7 2 26 18 29
11 2 12 2 10 4 Inf 4 19 22 20 6 5 22 Inf 17 19 6 1
22 36 10 12 11 14 11 Inf 24 8 14 32 43 21 27 38 3 43 6
21 41 13 Inf Inf 36 5 28 41 27 39 10 3 7 26 9 38 42 31
25 Inf 16 Inf 35 30 46 25 12 Inf 14 21 15 35 5 25 Inf 8 17
22 39 17 3 31 6 7 12 15 18 27 15 34 Inf 30 7 28 28 5
22 40 28 23 37 31 Inf 14 14 12 33 3 3 37 11 16 6 5 8
23 21 30 35 Inf Inf 21 25 22 27 37 43 13 10 Inf 13 41 38 41
22 33 10 13 Inf 23 5 3 Inf 3 1 7 40 26 2 38 40 17 6
22 41 3 33 16 12 38 1 38 24 23 14 17 32 25 Inf 33 41 Inf
25 11 40 27 31 18 39 12 Inf 19 Inf 41 18 14 41 Inf 17 14 34
23 14 40 23 34 6 32 46 36 23 46 7 11 6 36 23 Inf 29 8
21 20 31 10 Inf 32 11 6 Inf 18 27 1 32 32 Inf 8 14 9 24
22 18 Inf 39 13 24 18 Inf 32 1 Inf 37 34 29 Inf 30 2 6 9
22 8 4 12 14 42 44 22 8 Inf Inf Inf Inf 31 5 19 38 Inf Inf
22 3 7 5 32 4 17 28 32 34 16 32 39 34 13 26 36 1 35
22 Inf 41 Inf 5 Inf Inf 28 30 4 25 16 2 16 4 34 Inf 13 10
21 26 22 4 Inf 10 19 37 29 6 40 19 12 24 17 24 13 6 8
27 5 49 31 41 Inf 41 30 5 24 28 33 34 Inf 2 3 18 32 6
23 10 15 7 38 7 13 1 33 35 3 36 6 46 Inf 40 33 Inf 7
2 3 3 1 Inf 2 Inf 4 1 Inf 4 1 Inf 3 1 Inf 3 2 Inf
26 1 15 11 19 14 44 1 29 37 14 35 Inf 7 Inf 43 41 34 1
25 20 6 16 28 49 14 22 14 18 Inf Inf 1 41 35 41 12 39 22
24 19 18 37 30 44 19 9 1 27 18 43 16 2 5 1 33 40 4
22 Inf 24 18 7 Inf 31 1 44 21 34 4 7 17 Inf 6 Inf Inf 20
24 32 18 34 38 20 Inf 20 15 7 40 35 30 1 45 26 42 6 20
4 8 4 8 1 5 1 4 5 5 8 4 5 3 1 Inf 6 4 1
22 16 6 35 38 35 7 7 42 11 14 9 26 42 38 Inf 37 24 1
10 3 5 20 10 15 5 Inf 4 19 1 17 14 9 18 5 1 6 Inf
25 Inf 39 37 Inf 11 Inf 49 8 27 21 46 12 37 11 Inf 35 27 37
1 2
1 3
1 4
1 5
1 6
1 7
2 15
3 13
3 24
4 8
4 14
4 16
5 12
5 15
6 9
6 10
6 11
6 13
9 20
9 24
10 18
12 19
13 22
15 17
15 20
15 23
16 21
16 26
17 30
18 26
18 30
20 27
21 33
24 25
25 28
25 30
25 33
25 34
26 31
26 32
26 41
27 29
27 35
27 36
31 37
31 39
32 44
32 45
33 41
35 38
35 42
36 40
36 43
39 51
40 46
42 47
43 48
43 50
46 51
46 48
47 49
47 50
47 52
47 53
49 59
49 61
49 62
50 54
50 55
50 60
50 62
52 56
52 57
53 58
55 63
58 65
59 64
59 66
62 67
66 68
68 69
68 70
68 71
68 72
68 73
68 74
68 75
-1 -1
