75
23 Inf Inf Inf 8 46 1 31 19 40 20 14 Inf 32 31 25 40 Inf 5
24 6 9 44 18 1 Inf 6 42 Inf 24 46 38 47 37 7 27 22 43
25 16 39 20 Inf 40 17 6 47 8 9 29 23 40 3 49 15 46 50
26 44 38 20 27 27 6 29 16 47 34 43 33 28 12 10 20 42 37
23 7 15 8 34 23 20 8 33 17 41 6 39 12 15 2 11 7 28
22 12 31 Inf 24 25 39 16 31 Inf 11 7 31 23 30 Inf 41 36 Inf
6 12 6 2 5 3 9 7 5 5 Inf 8 4 7 Inf 6 9 Inf 1
22 39 12 44 8 24 25 42 2 25 36 13 22 23 Inf 44 10 36 15
23 17 15 42 1 16 11 9 2 3 21 22 42 45 7 24 24 30 19
21 Inf 22 Inf 10 26 Inf 14 Inf 6 5 2 Inf 4 7 25 1 19 Inf
22 1 28 28 35 36 7 31 Inf 1 38 28 22 36 25 27 Inf 7 14
15 Inf 12 8 6 11 Inf 1 23 20 7 7 26 25 25 8 24 2 6
5 3 2 9 3 Inf 10 10 Inf 7 2 6 3 2 Inf 3 5 5 2
23 3 23 21 44 12 35 46 10 33 15 Inf 30 44 30 8 13 19 1
4 4 5 1 5 4 4 2 1 Inf 6 Inf 7 8 8 Inf 6 6 5
26 5 37 12 29 5 27 Inf 4 18 11 21 4 33 23 39 32 25 7
21 18 2 11 17 31 2 9 22 33 8 Inf Inf 2 14 9 15 15 33
5 10 10 Inf 8 3 6 7 7 7 8 2 1 6 3 Inf 8 3 4
24 46 5 19 45 46 29 42 Inf 30 25 36 29 2 5 26 20 43 Inf
25 11 49 2 18 29 45 7 49 41 48 Inf 21 27 42 43 27 2 Inf
26 7 20 Inf Inf 48 32 3 9 20 24 27 Inf 15 51 Inf 48 Inf Inf
26 39 42 23 19 16 Inf 27 1 3 11 Inf Inf 9 Inf 34 44 6 41
24 40 26 15 12 17 14 45 Inf Inf 40 13 Inf 10 1 11 17 26 9
27 30 29 8 20 51 25 6 48 10 17 7 38 Inf 43 21 Inf 15 6
20 Inf 40 Inf Inf 17 21 27 Inf 11 7 17 4 31 20 7 11 22 16
23 Inf 27 12 45 16 3 23 39 10 44 10 11 31 6 19 27 24 9
25 32 3 46 26 15 Inf 18 45 3 16 20 5 17 45 13 28 Inf 9
13 21 4 2 24 6 25 2 12 26 22 16 11 16 4 18 19 22 22
3 1 2 3 5 Inf 6 4 3 Inf Inf 5 2 3 4 1 2 3 2
11 15 20 Inf 10 22 20 21 6 9 14 12 1 14 9 20 11 17 13
21 13 32 10 Inf Inf 8 1 40 12 23 1 2 14 21 9 9 1 33
22 5 36 19 8 18 41 16 42 36 32 1 19 18 37 11 21 31 19
21 Inf 1 3 2 Inf 24 9 10 Inf 23 Inf 9 2 Inf 17 42 37 21
22 1 22 Inf 3 42 3 Inf 1 31 Inf 25 28 9 22 39 13 44 29
25 8 3 1 13 23 22 1 18 6 48 2 35 Inf Inf 11 26 Inf 17
8 13 2 16 1 1 3 1 6 2 Inf 1 8 11 16 1 1 4 1
22 31 2 16 32 19 11 3 Inf 10 27 29 Inf 8 14 28 28 28 30
24 Inf 16 11 Inf 10 23 8 9 21 38 Inf 33 32 46 41 38 19 34
22 19 37 30 30 40 Inf 26 2 9 11 42 15 23 41 28 44 37 21
21 34 40 32 1 21 1 4 18 8 31 37 11 37 30 2 13 36 7
6 8 1 8 Inf Inf 6 4 10 1 Inf 7 4 8 3 11 5 6 2
26 36 Inf 22 50 Inf 41 42 37 8 6 16 41 22 51 12 18 30 3
22 34 4 5 9 18 Inf Inf 9 16 20 Inf 11 1 15 37 5 9 35
6 5 1 7 6 5 9 10 2 6 4 3 8 12 6 10 Inf 4 10
21 1 Inf 23 25 12 28 40 Inf Inf 13 30 11 21 24 Inf 41 29 10
25 25 28 Inf 10 8 Inf 36 2 Inf 30 19 33 50 Inf Inf Inf 15 2
11 6 4 17 18 2 5 18 10 2 11 12 5 21 4 15 9 17 3
22 Inf 26 20 1 31 36 27 17 4 33 33 3 41 Inf 28 22 33 34
21 10 12 24 40 13 Inf 19 Inf 33 17 11 38 36 20 3 27 5 33
25 33 Inf 19 32 25 43 23 48 20 41 4 25 28 11 44 3 28 11
22 28 43 8 15 43 Inf 44 41 Inf 17 Inf 3 33 11 15 38 10 43
22 2 16 42 Inf 10 26 44 6 20 15 20 2 22 35 Inf 4 3 3
23 36 30 10 20 Inf 18 Inf 19 4 29 14 25 17 5 22 24 Inf 35
22 3 29 42 2 32 9 8 9 9 3 9 13 8 6 19 43 18 9
22 4 12 22 Inf 33 4 29 32 35 7 4 4 26 27 11 17 30 10
25 47 41 12 Inf 29 3 Inf 4 6 Inf Inf 37 Inf 48 35 47 48 10
23 8 14 30 24 20 Inf 17 35 Inf 24 16 Inf 21 21 31 22 41 6
21 Inf 11 5 24 39 3 9 Inf 17 21 7 38 16 Inf 18 42 9 30
22 4 11 7 26 17 40 Inf 23 13 Inf 28 7 14 16 15 37 5 4
22 44 1 27 31 1 35 43 28 23 9 23 24 33 Inf 6 38 15 Inf
22 2 12 33 4 9 Inf 44 Inf 34 25 31 15 32 8 15 Inf 3 8
22 23 29 2 29 25 41 22 43 8 Inf 19 18 3 35 24 Inf Inf 38
21 38 13 30 22 28 29 11 20 Inf 21 26 38 36 41 9 21 4 7
27 31 17 19 6 44 9 46 32 13 Inf 2 39 43 4 53 44 21 40
23 46 11 5 41 16 24 39 9 10 45 13 Inf 2 29 12 13 8 24
2 4 Inf 3 2 4 1 3 3 2 3 1 Inf 1 Inf 4 2 Inf 1
26 9 Inf 20 Inf 46 31 Inf 34 34 46 Inf Inf 21 1 49 Inf 10 5
25 27 Inf 45 32 50 41 34 Inf 24 31 3 46 23 37 15 48 14 41
24 5 35 Inf Inf 38 25 1 37 44 30 39 8 14 32 19 Inf 42 Inf
22 Inf 9 13 23 Inf 3 21 4 23 25 15 12 8 10 6 2 41 34
24 47 31 8 24 Inf 35 5 4 Inf 10 3 13 Inf 24 8 29 16 25
4 8 6 4 5 Inf 8 4 3 7 2 2 4 Inf 4 3 1 7 5
22 42 3 20 30 Inf 12 17 12 30 30 12 28 33 10 25 17 38 29
10 18 10 3 17 4 10 2 12 16 Inf 14 2 Inf 9 11 6 12 16
25 Inf 41 14 16 33 29 3 Inf 29 Inf 21 40 15 41 Inf 11 36 16
1 2
1 3
1 4
1 5
1 6
1 7
2 15
3 13
3 24
4 8
4 14
4 16
5 12
5 15
6 9
6 10
6 11
6 13
9 20
9 24
10 18
12 19
13 22
15 17
15 20
15 23
16 21
16 26
17 30
18 26
18 30
20 27
21 33
24 25
25 28
25 30
25 33
25 34
26 31
26 32
26 41
27 29
27 35
27 36
31 37
31 39
32 44
32 45
33 41
35 38
35 42
36 40
36 43
39 51
40 46
42 47
43 48
43 50
46 51
46 48
47 49
47 50
47 52
47 53
49 59
49 61
49 62
50 54
50 55
50 60
50 62
52 56
52 57
53 58
55 63
58 65
59 64
59 66
62 67
66 68
68 69
68 70
68 71
68 72
68 73
68 74
68 75
-1 -1
