75
23 31 21 34 39 26 2 28 5 Inf 23 45 38 21 40 35 Inf 40 20
24 23 31 3 45 4 28 4 34 7 11 16 8 30 Inf 24 Inf 46 22
25 15 Inf 44 16 6 22 14 5 50 39 41 26 17 2 12 18 12 32
26 1 29 31 Inf 8 27 38 51 30 14 9 Inf 8 37 12 39 18 31
23 32 Inf 11 Inf 27 13 28 21 12 21 46 8 2 Inf 17 43 9 46
22 44 Inf 4 10 30 Inf 15 8 41 28 Inf 17 Inf Inf 27 2 25 11
6 6 11 5 12 2 2 1 7 2 Inf 6 1 1 11 9 3 3 1
22 29 Inf 12 9 9 22 Inf 19 19 29 12 28 7 42 4 8 4 24
23 21 26 42 Inf 18 1 Inf 31 40 19 18 Inf 43 43 29 Inf 4 46
21 42 37 Inf 12 18 7 21 37 Inf Inf Inf 9 Inf 21 32 41 40 41
22 Inf 39 31 17 11 3 28 Inf 18 Inf 2 30 35 15 24 22 21 3
15 29 21 21 14 22 Inf 10 13 24 Inf 17 12 6 28 6 19 28 28
5 5 9 3 Inf 4 2 6 5 4 1 2 10 9 5 5 6 3 9
23 Inf 42 Inf 35 45 46 19 2 Inf 14 11 39 9 42 3 20 43 12
4 6 1 3 2 Inf 7 2 2 1 5 4 7 6 7 2 7 2 5
26 3 18 4 22 42 46 52 21 46 3 32 20 22 46 28 Inf 3 35
21 36 39 32 23 4 42 38 28 30 11 Inf 8 26 36 29 4 21 Inf
5 1 6 5 6 Inf 8 2 6 6 2 7 6 Inf 4 2 2 4 3
24 39 18 6 32 6 19 45 2 42 46 45 26 26 Inf 36 20 27 41
25 34 9 13 3 1 44 17 34 10 48 9 9 7 23 6 32 49 Inf
26 16 10 31 40 Inf 41 11 48 49 Inf 49 29 14 47 27 11 10 Inf
26 28 14 44 49 1 47 5 17 22 31 12 45 39 5 22 18 Inf 4
24 38 4 Inf 38 34 37 34 10 6 14 18 19 12 28 36 29 Inf 42
27 7 Inf 3 40 12 37 38 27 Inf 27 13 4 15 5 5 22 21 45
20 34 25 24 28 12 33 24 Inf 12 30 20 3 38 7 2 12 3 36
23 21 3 Inf 41 18 35 8 28 36 17 23 24 34 41 19 44 29 28
25 39 28 42 32 15 21 18 27 6 41 19 Inf 3 5 36 35 Inf 8
13 Inf 25 9 17 20 Inf 7 26 21 25 11 23 18 19 26 15 5 21
3 1 2 Inf 6 5 3 4 4 5 1 3 2 1 3 5 5 1 3
11 Inf Inf 17 13 7 12 3 1 6 17 1 5 20 11 7 12 1 15
21 36 21 34 40 27 8 14 11 Inf 25 31 7 2 23 25 16 11 4
22 1 28 Inf 34 43 43 41 31 42 3 5 8 2 7 44 22 1 Inf
21 38 37 8 31 3 12 28 7 35 13 22 13 5 3 18 Inf Inf 20
22 4 21 4 11 4 24 Inf 34 24 36 7 Inf 34 18 42 29 24 16
25 46 34 28 26 12 49 24 42 31 29 22 1 1 12 20 30 7 40
8 3 5 15 2 Inf 10 16 12 6 15 13 Inf 13 12 2 1 4 7
22 Inf 39 17 19 Inf 25 16 37 31 Inf 11 43 14 24 4 42 30 6
24 Inf 18 2 32 28 11 6 34 Inf 36 20 33 48 Inf 17 29 19 2
22 4 19 4 21 17 20 9 29 Inf 19 43 Inf Inf 8 44 13 10 22
21 21 21 28 14 Inf Inf Inf 14 9 36 12 2 5 4 42 16 9 10
6 Inf 5 1 6 12 8 3 2 5 Inf 7 8 6 3 Inf 7 1 7
26 45 48 30 24 6 7 Inf 47 52 13 26 12 45 Inf 1 5 43 44
22 28 6 Inf Inf 8 30 Inf 30 6 39 21 27 15 8 Inf 27 10 17
6 2 8 1 Inf 8 4 10 1 10 Inf 12 3 Inf Inf Inf 1 Inf 1
21 28 5 31 38 13 5 18 28 Inf 32 37 36 40 23 Inf 37 Inf Inf
25 14 13 18 Inf Inf 42 Inf 32 12 48 24 Inf 7 41 36 Inf Inf 25
11 9 14 15 15 7 Inf 6 Inf 16 Inf 22 2 Inf 4 17 5 2 19
22 14 31 Inf Inf 31 28 7 Inf 39 Inf 15 6 Inf 3 24 12 17 1
21 15 39 37 14 13 41 5 1 16 28 10 Inf 8 31 1 Inf 26 29
25 33 35 48 24 46 33 21 50 18 39 16 44 48 49 32 29 17 42
22 2 13 7 14 22 26 16 38 Inf 41 12 10 8 5 25 33 43 23
22 16 Inf Inf 10 14 9 Inf 13 23 20 1 27 24 Inf 8 Inf 5 Inf
23 41 11 Inf 33 34 1 Inf 19 42 Inf Inf 38 26 12 6 23 31 10
22 7 11 20 39 5 30 Inf 11 37 36 22 44 39 1 20 23 31 2
22 36 1 44 6 27 11 16 5 Inf 27 14 26 20 Inf 16 Inf 36 43
25 25 Inf 16 4 Inf 28 17 9 48 29 40 Inf 36 48 29 38 35 15
23 36 45 Inf Inf 5 5 5 1 5 Inf 8 18 14 Inf 33 8 18 40
21 Inf 28 37 19 9 31 23 39 10 19 Inf Inf Inf 22 11 21 14 21
22 9 3 15 8 8 20 Inf 10 6 41 39 14 7 9 8 4 1 36
22 18 2 12 42 29 41 21 44 25 32 30 2 5 23 3 13 8 33
22 Inf 40 36 10 17 21 19 24 16 27 15 Inf 11 34 20 17 40 32
22 40 6 10 3 40 21 20 5 9 39 9 18 34 43 41 Inf 16 40
21 10 7 Inf 10 39 40 17 5 25 2 5 25 20 10 5 18 39 23
27 30 3 40 49 25 46 15 Inf Inf Inf 27 42 33 26 27 49 15 9
23 Inf 33 14 14 26 Inf 12 Inf 20 5 32 25 43 41 2 32 7 11
2 3 Inf Inf 1 4 1 4 3 Inf 1 3 Inf 3 3 2 2 3 2
26 1 22 21 46 28 48 Inf 8 25 36 1 35 45 Inf 8 13 Inf 40
25 26 28 24 3 13 46 20 4 8 22 13 3 1 14 44 15 47 34
24 26 1 14 34 12 47 15 13 47 13 44 44 13 24 7 5 23 Inf
22 3 11 3 33 Inf 30 Inf 2 3 41 3 Inf 38 1 40 11 30 38
24 10 14 Inf 34 21 47 29 15 8 Inf 21 5 Inf 20 Inf 13 Inf 41
4 7 4 2 5 4 4 1 8 5 1 Inf 6 2 Inf 6 2 3 3
22 4 30 31 Inf 41 17 3 10 37 11 1 31 4 43 41 Inf Inf 42
10 10 5 16 3 11 8 Inf 2 Inf 1 1 Inf 10 11 8 1 7 5
25 Inf 34 18 6 39 Inf Inf 1 Inf 24 49 18 19 Inf 4 21 9 Inf
1 2
1 3
1 4
1 5
1 6
1 7
2 15
3 13
3 24
4 8
4 14
4 16
5 12
5 15
6 9
6 10
6 11
6 13
9 20
9 24
10 18
12 19
13 22
15 17
15 20
15 23
16 21
16 26
17 30
18 26
18 30
20 27
21 33
24 25
25 28
25 30
25 33
25 34
26 31
26 32
26 41
27 29
27 35
27 36
31 37
31 39
32 44
32 45
33 41
35 38
35 42
36 40
36 43
39 51
40 46
42 47
43 48
43 50
46 51
46 48
47 49
47 50
47 52
47 53
49 59
49 61
49 62
50 54
50 55
50 60
50 62
52 56
52 57
53 58
55 63
58 65
59 64
59 66
62 67
66 68
68 69
68 70
68 71
68 72
68 73
68 74
68 75
-1 -1
