75
23 15 1 16 13 16 9 3 13 15 15
24 9 19 5 Inf 5 21 13 11 Inf 19
25 1 22 3 24 1 15 4 2 7 6
26 13 13 25 7 17 6 6 20 13 25
23 Inf Inf 19 13 Inf Inf 12 18 22 9
22 12 1 21 7 10 Inf 7 22 13 15
6 6 Inf 5 Inf 4 6 1 3 3 Inf
22 19 11 12 5 20 20 14 4 7 20
23 Inf 5 6 5 5 14 4 7 1 12
21 2 15 16 19 12 12 1 4 Inf 15
22 4 7 8 Inf 22 9 7 3 19 4
15 4 6 2 5 4 4 8 7 14 3
5 2 1 4 3 3 2 1 3 1 3
23 2 3 15 11 21 2 13 14 5 Inf
4 1 2 1 2 Inf 3 3 4 3 3
26 22 7 3 Inf 20 17 Inf 14 3 Inf
21 14 2 16 1 16 9 3 6 6 2
5 5 1 2 5 2 3 2 Inf 1 3
24 15 4 14 3 6 1 11 8 Inf 16
25 12 9 11 19 6 16 6 6 2 4
26 24 17 Inf 13 15 15 9 16 1 9
26 Inf Inf 4 10 22 23 12 3 25 Inf
24 11 13 15 5 2 13 17 8 4 13
27 20 3 15 7 Inf 5 1 25 Inf 6
20 5 9 11 3 2 9 2 3 Inf Inf
23 14 18 1 12 7 13 4 21 18 8
25 12 11 17 23 13 11 19 Inf 23 Inf
13 4 8 6 12 4 7 3 8 12 8
3 3 1 2 3 3 3 1 Inf 2 1
11 2 1 3 1 8 8 7 10 9 7
21 Inf 20 10 Inf 15 Inf 7 7 Inf 20
22 10 14 11 2 5 7 20 18 21 17
21 8 9 3 7 18 7 9 14 17 16
22 4 19 5 3 17 22 4 17 20 11
25 16 1 1 7 Inf 5 17 12 16 15
8 2 8 Inf 4 6 8 2 3 8 Inf
22 21 9 3 15 Inf 22 7 Inf 9 Inf
24 17 10 15 22 18 12 5 Inf Inf 23
22 5 17 17 12 6 11 13 2 5 18
21 7 18 9 Inf Inf Inf 2 1 12 6
6 3 2 Inf 3 6 6 2 Inf 3 3
26 18 14 15 19 6 Inf Inf 20 21 21
22 7 2 14 4 4 18 16 21 8 22
6 2 5 2 3 3 2 3 1 2 1
21 Inf Inf 16 5 Inf 7 2 14 5 1
25 14 16 2 Inf Inf Inf 20 2 12 7
11 Inf 11 3 6 Inf 8 8 6 4 10
22 Inf 2 14 13 13 2 6 19 2 22
21 12 16 1 9 1 4 Inf Inf Inf 20
25 14 1 25 24 6 16 20 13 23 Inf
22 2 10 10 Inf 4 7 2 Inf 12 3
22 Inf 18 6 9 Inf 20 6 Inf 2 6
23 19 22 20 5 23 11 7 6 19 23
22 9 16 20 4 16 18 11 3 4 13
22 21 13 14 Inf 6 9 5 Inf 6 22
25 17 25 2 16 8 9 19 20 Inf 9
23 19 7 10 1 2 5 8 4 1 15
21 7 20 20 4 10 18 14 18 19 12
22 18 1 Inf 15 15 5 20 14 3 11
22 Inf 5 21 3 10 11 16 16 2 Inf
22 18 8 7 17 Inf 9 21 19 21 13
22 22 1 10 1 Inf 11 Inf 4 17 7
21 9 10 20 15 20 8 15 Inf 21 20
27 16 8 10 11 6 9 25 26 6 13
23 4 16 23 10 10 6 21 16 7 20
2 2 1 1 2 1 1 2 2 2 1
26 21 7 24 Inf 22 22 3 4 6 26
25 11 3 1 15 3 14 4 11 5 2
24 Inf 23 21 1 20 4 15 4 15 7
22 4 3 22 14 5 21 7 22 3 10
24 3 Inf 15 5 Inf 19 18 Inf 1 3
4 1 2 4 4 4 1 4 1 Inf 3
22 21 12 14 9 Inf 21 3 20 10 4
10 Inf 1 2 4 4 Inf 5 10 1 10
25 17 5 18 17 15 Inf Inf 16 6 8
1 2
1 3
1 4
1 5
1 6
1 7
2 15
3 13
3 24
4 8
4 14
4 16
5 12
5 15
6 9
6 10
6 11
6 13
9 20
9 24
10 18
12 19
13 22
15 17
15 20
15 23
16 21
16 26
17 30
18 26
18 30
20 27
21 33
24 25
25 28
25 30
25 33
25 34
26 31
26 32
26 41
27 29
27 35
27 36
31 37
31 39
32 44
32 45
33 41
35 38
35 42
36 40
36 43
39 51
40 46
42 47
43 48
43 50
46 51
46 48
47 49
47 50
47 52
47 53
49 59
49 61
49 62
50 54
50 55
50 60
50 62
52 56
52 57
53 58
55 63
58 65
59 64
59 66
62 67
66 68
68 69
68 70
68 71
68 72
68 73
68 74
68 75
-1 -1
