75
23 46 5 13 43 31 32 4 32 31 21 9 5 Inf 33 12 7 46 36
24 41 16 43 2 24 Inf 7 42 7 1 40 47 23 31 Inf 4 37 20
25 30 10 16 49 9 13 6 43 3 2 27 30 Inf 14 20 Inf 4 36
26 10 29 8 39 48 29 20 40 10 6 2 9 27 40 44 15 48 Inf
23 7 25 27 3 34 39 15 17 1 28 31 1 6 14 25 Inf 37 17
22 27 26 3 Inf 28 11 37 10 38 31 4 14 27 9 10 11 23 29
6 3 3 1 3 9 Inf 7 3 9 4 1 5 5 6 Inf 1 10 3
22 25 36 37 17 42 5 19 15 44 31 30 42 44 20 17 9 16 25
23 33 30 Inf 9 17 11 11 25 23 24 43 6 7 Inf 14 25 5 21
21 25 12 36 17 4 35 29 26 42 3 10 40 Inf 37 Inf 7 5 Inf
22 25 2 39 32 16 Inf 11 1 24 35 Inf 22 Inf 16 9 7 Inf Inf
15 16 1 Inf 3 10 Inf 14 2 14 Inf 22 Inf 28 16 27 Inf 5 6
5 6 8 1 Inf 6 10 Inf 1 Inf 9 9 7 Inf 5 Inf 2 9 1
23 20 27 42 26 5 18 19 42 23 19 11 21 8 43 16 4 38 3
4 1 2 4 6 6 2 8 7 1 5 8 8 7 1 Inf 8 3 5
26 44 Inf 4 50 19 10 36 41 4 48 16 6 52 31 24 47 Inf 39
21 33 28 Inf 33 39 Inf 8 3 31 13 Inf 36 8 1 13 1 31 10
5 9 3 3 5 Inf 9 8 2 7 4 7 3 Inf 1 1 9 1 3
24 38 13 Inf 41 7 8 Inf 7 16 9 2 24 19 48 12 20 Inf Inf
25 11 Inf Inf 2 Inf 32 44 16 16 25 Inf 19 16 14 32 12 41 26
26 52 Inf Inf 3 25 18 25 19 4 3 20 7 8 36 37 23 Inf Inf
26 30 12 9 20 13 51 45 7 38 12 44 Inf 3 26 43 47 36 Inf
24 5 10 18 26 1 Inf 47 6 27 43 31 4 41 Inf 14 30 24 47
27 42 10 22 49 46 48 28 9 29 20 30 15 23 46 2 54 8 13
20 40 19 36 37 20 1 12 23 Inf 18 21 20 5 35 Inf Inf 6 36
23 5 39 29 36 7 7 22 14 17 1 15 8 38 6 13 Inf 7 11
25 43 15 32 47 2 24 46 12 16 16 17 19 Inf Inf 26 49 28 16
13 24 5 13 Inf 8 19 3 20 21 11 23 23 23 24 23 7 6 21
3 4 Inf 2 1 Inf 2 5 6 2 4 2 3 3 5 3 3 1 5
11 22 12 7 14 4 12 Inf 12 11 15 17 19 5 12 18 11 1 5
21 11 27 15 15 8 7 32 Inf 6 38 29 21 16 21 7 24 35 13
22 25 10 33 4 8 28 31 36 Inf 32 25 29 Inf 11 Inf 36 31 29
21 16 17 33 27 5 2 15 37 31 7 7 Inf 40 22 20 15 13 40
22 38 41 41 22 29 19 42 2 25 28 3 18 Inf 31 5 4 19 9
25 26 46 20 33 30 1 47 18 24 37 31 36 12 39 11 34 47 40
8 1 Inf 15 12 15 14 14 Inf 4 6 Inf 11 3 6 4 Inf 8 1
22 2 17 13 Inf 32 5 32 18 34 11 7 16 28 Inf 32 41 16 21
24 45 13 33 32 11 47 3 17 34 22 34 6 26 9 Inf Inf 36 Inf
22 13 33 34 20 42 2 39 1 25 7 Inf 30 10 19 25 27 34 14
21 36 40 28 16 34 2 11 24 12 22 27 11 23 20 Inf Inf 11 11
6 9 Inf 1 6 11 6 3 11 Inf 12 3 Inf 2 7 5 9 10 10
26 Inf Inf 19 14 49 33 29 16 25 35 20 42 29 52 11 51 18 6
22 24 5 15 6 23 34 Inf 10 41 31 16 14 20 9 41 25 15 28
6 11 7 2 2 1 8 10 3 1 11 1 10 3 2 1 6 8 10
21 2 32 30 14 Inf 19 15 21 1 31 7 17 8 Inf 16 Inf 41 34
25 Inf 3 15 34 Inf 46 4 14 Inf 45 29 35 Inf 11 20 13 45 5
11 2 15 13 1 21 Inf 15 19 6 Inf 17 17 Inf 12 1 6 2 Inf
22 4 Inf 23 21 Inf 12 17 27 25 32 43 17 9 38 Inf 1 38 27
21 9 26 29 Inf 30 14 3 26 1 22 18 37 20 27 7 32 8 1
25 39 50 33 45 20 13 12 30 31 20 9 8 47 17 26 48 45 6
22 8 11 8 29 2 Inf 25 21 Inf 34 44 Inf 11 Inf 27 38 26 16
22 32 35 24 26 5 14 19 34 9 40 35 36 18 25 4 Inf 5 44
23 29 38 44 12 7 41 46 37 39 Inf 37 42 34 9 Inf 2 15 6
22 6 4 Inf 32 2 5 21 4 2 44 4 36 8 5 3 40 37 12
22 12 38 10 20 6 Inf Inf 4 30 31 41 12 1 3 15 39 28 32
25 8 33 40 7 Inf 45 42 16 36 28 27 18 50 46 14 23 18 46
23 19 25 22 Inf Inf 16 37 41 15 Inf 35 29 25 4 Inf 16 8 27
21 12 30 8 23 13 5 26 Inf 31 23 38 5 37 22 39 17 11 7
22 25 19 Inf 20 2 8 1 21 9 Inf Inf 7 4 11 Inf 8 17 37
22 43 14 29 43 33 24 13 4 20 4 21 4 19 2 42 17 36 16
22 Inf 43 Inf Inf 1 23 24 7 8 1 32 8 10 31 3 11 33 Inf
22 29 11 9 2 7 22 Inf 38 41 31 11 10 10 7 43 34 40 2
21 24 26 20 21 21 41 14 1 29 20 5 17 13 2 38 14 19 21
27 Inf 25 20 Inf 20 35 2 39 25 54 38 3 33 7 43 13 52 30
23 41 2 13 Inf Inf 23 23 15 38 18 Inf 38 Inf 42 41 Inf 21 Inf
2 4 3 1 1 4 3 1 1 2 4 4 2 1 3 4 2 2 1
26 52 43 11 5 28 50 2 9 23 Inf 4 15 8 43 9 40 24 22
25 11 19 3 16 45 10 42 Inf 49 19 30 1 19 Inf 31 10 30 33
24 34 1 47 33 3 9 27 1 7 36 5 23 39 19 36 30 25 9
22 38 14 7 10 2 29 12 Inf 32 35 32 Inf Inf Inf Inf 4 15 1
24 Inf 48 9 Inf 36 25 47 29 23 46 29 Inf 44 Inf 9 41 18 28
4 Inf 8 6 1 Inf 3 6 1 6 1 2 8 Inf Inf 3 Inf 8 8
22 28 18 9 38 28 42 44 22 4 21 23 6 2 Inf Inf 26 27 37
10 18 12 4 18 Inf 14 5 6 4 2 2 11 8 1 4 10 14 2
25 39 16 22 Inf 17 40 45 12 6 21 17 Inf Inf 17 11 19 13 15
1 2
1 3
1 4
1 5
1 6
1 7
2 15
3 13
3 24
4 8
4 14
4 16
5 12
5 15
6 9
6 10
6 11
6 13
9 20
9 24
10 18
12 19
13 22
15 17
15 20
15 23
16 21
16 26
17 30
18 26
18 30
20 27
21 33
24 25
25 28
25 30
25 33
25 34
26 31
26 32
26 41
27 29
27 35
27 36
31 37
31 39
32 44
32 45
33 41
35 38
35 42
36 40
36 43
39 51
40 46
42 47
43 48
43 50
46 51
46 48
47 49
47 50
47 52
47 53
49 59
49 61
49 62
50 54
50 55
50 60
50 62
52 56
52 57
53 58
55 63
58 65
59 64
59 66
62 67
66 68
68 69
68 70
68 71
68 72
68 73
68 74
68 75
-1 -1
