75
23 20 17 11 9 10 2 23 16 22 6
24 1 4 10 18 24 Inf 3 14 9 12
25 12 13 21 1 8 Inf 12 7 17 15
26 23 Inf 4 6 17 12 5 22 20 Inf
23 19 18 19 8 21 11 12 Inf 21 21
22 11 20 20 1 3 5 17 13 12 9
6 2 2 1 1 Inf 6 Inf Inf 4 1
22 17 14 18 8 17 1 11 21 2 2
23 6 19 Inf 1 21 16 15 5 6 21
21 3 7 11 18 12 18 19 4 13 7
22 14 12 10 3 12 2 2 6 13 8
15 Inf 1 Inf 10 2 2 1 3 6 8
5 2 Inf 5 2 1 2 3 5 5 Inf
23 Inf Inf 21 11 7 7 4 16 2 10
4 2 Inf 1 2 1 1 3 1 4 1
26 2 8 25 23 24 5 12 22 9 18
21 4 13 8 9 12 21 Inf 16 6 15
5 2 2 Inf 3 1 Inf 5 2 1 1
24 22 15 Inf Inf Inf 4 7 20 23 Inf
25 16 22 13 1 19 1 Inf Inf 24 Inf
26 18 8 20 Inf 24 20 20 20 22 Inf
26 25 5 1 3 15 23 21 17 3 21
24 5 5 Inf Inf 23 15 17 8 13 18
27 6 2 20 2 Inf 23 9 20 10 3
20 18 8 4 5 12 8 10 13 9 16
23 4 6 6 Inf 23 16 3 11 2 2
25 13 13 12 21 3 18 Inf 19 Inf 21
13 5 5 4 10 7 6 2 12 10 7
3 2 3 2 3 2 2 1 1 1 2
11 11 7 9 Inf Inf 7 7 3 8 2
21 17 Inf 12 14 18 6 13 18 Inf 4
22 7 1 Inf 18 6 18 9 1 12 Inf
21 17 7 5 14 16 4 4 8 3 14
22 20 13 8 15 15 1 7 Inf Inf 7
25 10 2 1 7 14 8 3 Inf 9 15
8 5 1 2 5 Inf 3 6 5 7 6
22 5 Inf 2 4 5 11 5 14 10 1
24 4 13 3 15 12 19 3 Inf 18 14
22 2 2 8 15 5 9 7 3 Inf 10
21 3 10 2 13 15 Inf 14 21 19 10
6 3 Inf 6 5 3 3 3 6 2 Inf
26 16 16 Inf 10 7 1 13 26 3 4
22 8 22 15 9 21 Inf 1 19 2 Inf
6 4 6 4 2 5 4 6 3 5 3
21 8 Inf 16 15 15 16 Inf Inf 4 9
25 7 2 25 22 1 15 1 18 18 Inf
11 2 4 2 10 3 4 10 9 2 2
22 Inf 9 3 9 7 9 17 2 16 6
21 2 Inf 16 12 Inf 15 14 2 Inf 12
25 23 Inf 10 7 18 16 24 19 Inf 12
22 11 6 22 4 8 1 6 20 13 21
22 11 8 8 20 12 Inf 16 20 Inf Inf
23 Inf 2 4 23 6 10 17 23 8 10
22 1 21 2 1 14 1 22 13 16 1
22 2 19 13 19 15 3 1 3 10 6
25 9 6 16 13 10 11 Inf 6 5 15
23 12 23 15 22 4 23 4 17 5 13
21 14 1 4 15 14 Inf 21 18 16 12
22 5 20 15 Inf Inf 1 4 6 1 8
22 3 5 21 15 3 13 7 15 14 11
22 3 13 22 16 2 17 20 13 8 8
22 19 22 9 9 18 1 7 6 9 7
21 9 13 1 1 4 13 12 7 Inf 3
27 9 2 Inf Inf Inf 20 20 Inf Inf 3
23 13 13 3 7 6 Inf 4 4 Inf 3
2 2 1 1 1 1 1 2 2 2 2
26 22 24 2 20 Inf Inf 1 5 20 15
25 16 23 18 Inf Inf 23 12 4 1 12
24 13 4 Inf Inf 9 20 6 9 11 20
22 8 20 6 3 2 6 6 14 13 Inf
24 17 Inf 24 16 3 24 19 1 19 2
4 1 3 3 3 2 3 2 1 1 2
22 1 11 8 22 2 11 4 18 Inf 16
10 8 3 2 8 6 Inf 6 5 1 3
25 Inf 20 3 12 3 17 21 20 Inf 12
1 2
1 3
1 4
1 5
1 6
1 7
2 15
3 13
3 24
4 8
4 14
4 16
5 12
5 15
6 9
6 10
6 11
6 13
9 20
9 24
10 18
12 19
13 22
15 17
15 20
15 23
16 21
16 26
17 30
18 26
18 30
20 27
21 33
24 25
25 28
25 30
25 33
25 34
26 31
26 32
26 41
27 29
27 35
27 36
31 37
31 39
32 44
32 45
33 41
35 38
35 42
36 40
36 43
39 51
40 46
42 47
43 48
43 50
46 51
46 48
47 49
47 50
47 52
47 53
49 59
49 61
49 62
50 54
50 55
50 60
50 62
52 56
52 57
53 58
55 63
58 65
59 64
59 66
62 67
66 68
68 69
68 70
68 71
68 72
68 73
68 74
68 75
-1 -1
