25
4 4 Inf 1 3 2
3 Inf 3 3 1 2
9 8 3 2 5 8
5 1 4 Inf 2 1
9 5 4 1 2 7
4 4 3 4 3 2
8 8 6 6 1 Inf
7 4 7 3 1 1
5 2 1 2 2 4
1 1 Inf Inf 1 1
3 1 Inf 3 1 1
1 1 1 1 1 1
5 1 3 1 1 Inf
3 1 3 1 2 1
5 2 4 2 3 2
3 1 2 3 3 1
13 2 12 12 8 7
5 2 2 4 1 4
2 2 1 Inf 1 1
3 2 3 1 3 1
7 2 4 Inf 6 2
5 3 Inf 1 2 Inf
3 3 2 Inf 2 1
8 1 4 2 8 7
4 3 2 3 3 1
1 3
2 3
3 4
4 5
4 8
5 6
6 7
6 10
7 11
7 12
8 9
8 11
9 13
9 10
11 13
12 15
13 14
14 16
14 19
14 20
15 17
15 22
16 18
17 18
17 23
18 25
19 22
20 21
20 25
21 22
21 24
23 25
-1 -1
