25
4 Inf 1 3 4 1
3 1 3 2 1 1
9 1 3 9 7 3
5 4 Inf 1 Inf 3
9 2 Inf 5 9 4
4 3 1 Inf Inf 2
8 7 4 7 1 Inf
7 5 1 1 7 1
5 4 4 4 3 3
1 1 1 Inf 1 1
3 2 1 1 1 Inf
1 1 1 1 1 1
5 Inf 5 1 4 2
3 2 1 1 2 3
5 2 1 5 1 4
3 1 3 2 1 3
13 2 13 11 13 6
5 4 5 3 1 5
2 2 1 1 2 1
3 2 3 Inf 1 2
7 4 6 3 5 Inf
5 Inf 5 1 3 5
3 2 3 1 2 1
8 2 7 1 4 1
4 4 Inf 1 3 4
1 3
2 3
3 4
4 5
4 8
5 6
6 7
6 10
7 11
7 12
8 9
8 11
9 13
9 10
11 13
12 15
13 14
14 16
14 19
14 20
15 17
15 22
16 18
17 18
17 23
18 25
19 22
20 21
20 25
21 22
21 24
23 25
-1 -1
