25
4 1 1 4 4 2
3 2 1 2 2 2
9 1 Inf 3 7 1
5 5 2 1 4 3
9 5 2 Inf 3 8
4 Inf Inf 1 4 2
8 8 4 Inf 5 Inf
7 3 7 3 1 Inf
5 5 2 1 5 2
1 Inf 1 1 1 1
3 2 Inf 3 2 3
1 1 1 1 1 1
5 5 2 2 2 1
3 2 1 Inf 3 1
5 4 5 2 4 2
3 Inf 1 2 1 1
13 2 13 1 2 Inf
5 1 2 Inf 4 5
2 2 1 1 2 2
3 2 3 3 Inf 3
7 6 5 3 1 7
5 2 1 3 Inf 2
3 1 3 2 3 1
8 8 4 7 2 5
4 Inf 1 3 1 1
1 3
2 3
3 4
4 5
4 8
5 6
6 7
6 10
7 11
7 12
8 9
8 11
9 13
9 10
11 13
12 15
13 14
14 16
14 19
14 20
15 17
15 22
16 18
17 18
17 23
18 25
19 22
20 21
20 25
21 22
21 24
23 25
-1 -1
