25
4 Inf 1 1 4 1
3 Inf 1 1 1 2
9 9 8 9 2 8
5 4 5 1 4 3
9 9 2 Inf 2 Inf
4 1 Inf 1 Inf 3
8 2 4 Inf 8 3
7 1 Inf Inf 1 Inf
5 3 4 5 3 1
1 1 1 1 1 1
3 2 3 2 2 1
1 1 1 1 1 1
5 2 4 5 2 3
3 3 1 3 Inf Inf
5 1 2 1 5 5
3 2 1 3 3 1
13 6 11 11 12 10
5 1 4 5 Inf 1
2 1 1 2 2 1
3 3 1 1 1 2
7 1 7 7 4 3
5 2 2 2 3 1
3 3 Inf 1 Inf Inf
8 2 2 5 5 Inf
4 Inf 2 1 2 1
1 3
2 3
3 4
4 5
4 8
5 6
6 7
6 10
7 11
7 12
8 9
8 11
9 13
9 10
11 13
12 15
13 14
14 16
14 19
14 20
15 17
15 22
16 18
17 18
17 23
18 25
19 22
20 21
20 25
21 22
21 24
23 25
-1 -1
