25
4 1 1 1 3 Inf
3 Inf 1 Inf 2 2
9 Inf 9 5 1 4
5 1 2 5 1 4
9 Inf 1 4 2 7
4 4 3 1 3 1
8 5 8 Inf 8 6
7 Inf Inf Inf 5 Inf
5 2 3 3 1 Inf
1 1 1 1 1 1
3 1 1 2 1 2
1 1 1 1 1 1
5 Inf 1 3 Inf Inf
3 1 3 1 2 3
5 Inf 4 Inf 2 Inf
3 Inf 1 3 Inf 3
13 3 Inf 3 4 13
5 4 4 1 Inf 3
2 1 2 1 1 2
3 1 2 2 Inf 1
7 5 1 Inf 4 7
5 2 1 2 4 Inf
3 3 1 2 1 1
8 2 6 Inf Inf 5
4 Inf 3 2 Inf 2
1 3
2 3
3 4
4 5
4 8
5 6
6 7
6 10
7 11
7 12
8 9
8 11
9 13
9 10
11 13
12 15
13 14
14 16
14 19
14 20
15 17
15 22
16 18
17 18
17 23
18 25
19 22
20 21
20 25
21 22
21 24
23 25
-1 -1
