25
4 3 1 3 1 1
3 2 Inf 1 2 2
9 1 2 5 Inf Inf
5 2 1 5 2 1
9 9 7 Inf 8 Inf
4 Inf Inf 3 4 3
8 3 1 2 Inf 2
7 6 Inf Inf 6 6
5 2 3 5 1 3
1 1 1 1 Inf 1
3 1 Inf 1 2 3
1 1 Inf 1 Inf Inf
5 Inf 2 2 3 1
3 3 3 3 1 1
5 2 Inf 4 2 Inf
3 Inf 1 2 3 1
13 3 4 10 5 10
5 1 1 4 4 4
2 1 2 2 1 2
3 1 1 Inf 1 1
7 6 2 1 2 3
5 1 3 1 Inf 1
3 2 2 Inf 3 1
8 2 Inf Inf 8 Inf
4 2 2 Inf 3 Inf
1 3
2 3
3 4
4 5
4 8
5 6
6 7
6 10
7 11
7 12
8 9
8 11
9 13
9 10
11 13
12 15
13 14
14 16
14 19
14 20
15 17
15 22
16 18
17 18
17 23
18 25
19 22
20 21
20 25
21 22
21 24
23 25
-1 -1
