25
4 2 1 Inf 1 1
3 1 3 3 3 3
9 4 4 Inf 1 5
5 Inf 3 3 Inf 1
9 3 8 Inf 7 8
4 3 2 Inf 3 3
8 5 Inf 6 5 Inf
7 6 2 7 6 7
5 4 Inf 2 1 1
1 1 Inf Inf Inf 1
3 Inf 1 2 3 3
1 Inf 1 Inf Inf 1
5 4 5 Inf 2 3
3 1 Inf 3 Inf 1
5 Inf 4 2 1 3
3 3 Inf 3 3 Inf
13 10 Inf Inf 8 11
5 5 2 1 2 Inf
2 Inf 2 Inf 1 1
3 1 Inf 2 3 1
7 2 2 7 4 6
5 4 5 Inf 1 4
3 2 2 Inf 2 2
8 8 1 8 7 Inf
4 4 1 Inf Inf 1
1 3
2 3
3 4
4 5
4 8
5 6
6 7
6 10
7 11
7 12
8 9
8 11
9 13
9 10
11 13
12 15
13 14
14 16
14 19
14 20
15 17
15 22
16 18
17 18
17 23
18 25
19 22
20 21
20 25
21 22
21 24
23 25
-1 -1
