25
4 2 1 4 2 1
3 2 2 2 2 3
9 Inf 3 5 4 8
5 5 2 1 3 1
9 4 4 2 4 3
4 2 3 2 Inf Inf
8 1 3 Inf 4 3
7 1 Inf 4 Inf 6
5 2 4 4 Inf Inf
1 1 1 Inf 1 1
3 3 1 3 1 3
1 1 1 Inf 1 1
5 4 3 Inf Inf 2
3 2 Inf 1 3 1
5 1 5 1 1 2
3 1 Inf Inf 2 1
13 5 6 11 Inf 13
5 5 Inf Inf 2 3
2 2 2 2 1 2
3 Inf 1 2 3 3
7 Inf 1 2 2 2
5 5 1 Inf Inf Inf
3 1 2 Inf 2 2
8 6 1 3 7 1
4 4 4 2 Inf 3
1 3
2 3
3 4
4 5
4 8
5 6
6 7
6 10
7 11
7 12
8 9
8 11
9 13
9 10
11 13
12 15
13 14
14 16
14 19
14 20
15 17
15 22
16 18
17 18
17 23
18 25
19 22
20 21
20 25
21 22
21 24
23 25
-1 -1
