25
4 Inf Inf 6 2 7
3 4 1 Inf 5 4
9 6 Inf 17 14 11
5 6 6 10 6 3
9 5 18 Inf 2 11
4 2 1 Inf Inf 8
8 11 4 3 12 Inf
7 9 11 13 Inf 6
5 8 1 3 Inf 2
1 2 2 2 1 2
3 2 5 1 2 6
1 1 2 1 1 1
5 7 6 8 2 8
3 4 3 4 3 1
5 Inf 5 Inf 3 Inf
3 2 2 4 3 6
13 7 3 Inf 8 10
5 5 1 1 Inf 8
2 Inf Inf 1 2 1
3 2 1 5 5 6
7 12 1 4 13 7
5 1 3 3 3 Inf
3 1 1 4 3 4
8 3 14 1 2 12
4 Inf 3 Inf 7 3
1 3
2 3
3 4
4 5
4 8
5 6
6 7
6 10
7 11
7 12
8 9
8 11
9 13
9 10
11 13
12 15
13 14
14 16
14 19
14 20
15 17
15 22
16 18
17 18
17 23
18 25
19 22
20 21
20 25
21 22
21 24
23 25
-1 -1
