25
4 3 1 7 7 1
3 2 3 3 1 5
9 15 10 10 15 7
5 3 1 9 1 Inf
9 12 5 9 6 1
4 2 8 8 7 7
8 6 5 10 14 2
7 14 13 9 4 2
5 8 Inf 4 5 8
1 1 1 1 2 1
3 4 Inf Inf 3 Inf
1 1 1 1 1 2
5 9 9 10 6 2
3 2 5 1 2 1
5 6 10 1 10 5
3 1 2 5 4 1
13 1 21 17 2 10
5 6 8 5 9 5
2 2 2 4 2 Inf
3 3 6 Inf 2 5
7 4 8 14 10 7
5 1 8 8 4 4
3 3 2 1 Inf Inf
8 13 16 3 4 14
4 Inf 2 3 3 3
1 3
2 3
3 4
4 5
4 8
5 6
6 7
6 10
7 11
7 12
8 9
8 11
9 13
9 10
11 13
12 15
13 14
14 16
14 19
14 20
15 17
15 22
16 18
17 18
17 23
18 25
19 22
20 21
20 25
21 22
21 24
23 25
-1 -1
