25
4 4 2 6 8 2
3 6 2 3 1 2
9 17 1 6 13 9
5 9 Inf 7 3 1
9 2 7 11 Inf 14
4 2 2 Inf 6 4
8 4 6 2 13 6
7 10 5 12 Inf 2
5 5 4 6 7 8
1 2 Inf 2 1 1
3 4 3 1 6 5
1 1 1 1 2 1
5 8 8 5 6 3
3 2 1 5 6 Inf
5 7 1 8 Inf 6
3 Inf Inf 4 3 6
13 22 Inf 24 18 14
5 10 2 2 10 4
2 1 3 4 2 1
3 3 5 3 3 5
7 10 13 8 8 4
5 7 8 6 3 Inf
3 2 5 4 Inf 5
8 8 Inf 14 5 5
4 7 1 Inf 8 4
1 3
2 3
3 4
4 5
4 8
5 6
6 7
6 10
7 11
7 12
8 9
8 11
9 13
9 10
11 13
12 15
13 14
14 16
14 19
14 20
15 17
15 22
16 18
17 18
17 23
18 25
19 22
20 21
20 25
21 22
21 24
23 25
-1 -1
