25
4 2 4 Inf 6 Inf
3 6 6 4 1 4
9 Inf 5 11 14 4
5 7 5 1 2 7
9 9 3 9 Inf 2
4 7 1 6 1 8
8 13 6 10 6 3
7 3 3 6 Inf 13
5 8 7 7 9 Inf
1 2 1 2 2 2
3 4 3 2 4 2
1 1 2 1 Inf Inf
5 5 5 7 9 2
3 2 5 6 5 1
5 2 10 2 6 6
3 2 1 2 6 2
13 7 1 3 25 20
5 8 Inf Inf 4 9
2 3 1 4 1 4
3 3 1 3 5 2
7 Inf 13 13 2 5
5 2 9 Inf 3 Inf
3 1 5 5 6 6
8 9 12 Inf 15 15
4 5 4 1 4 7
1 3
2 3
3 4
4 5
4 8
5 6
6 7
6 10
7 11
7 12
8 9
8 11
9 13
9 10
11 13
12 15
13 14
14 16
14 19
14 20
15 17
15 22
16 18
17 18
17 23
18 25
19 22
20 21
20 25
21 22
21 24
23 25
-1 -1
