25
4 6 2 1 6 8
3 3 3 4 4 1
9 17 8 3 13 14
5 7 1 9 4 7
9 17 5 5 14 6
4 Inf 1 7 3 4
8 11 9 Inf 11 12
7 13 9 2 7 2
5 5 5 Inf Inf 8
1 1 2 1 1 Inf
3 5 2 4 Inf 5
1 2 2 Inf 2 1
5 2 Inf 8 5 1
3 2 Inf 1 Inf 6
5 5 Inf 10 4 3
3 2 5 5 2 5
13 7 7 Inf 5 7
5 7 Inf 6 2 4
2 3 4 4 3 3
3 6 2 1 2 4
7 10 9 Inf 10 Inf
5 4 5 5 Inf 4
3 Inf 6 6 4 5
8 1 Inf 13 15 11
4 Inf 1 3 2 1
1 3
2 3
3 4
4 5
4 8
5 6
6 7
6 10
7 11
7 12
8 9
8 11
9 13
9 10
11 13
12 15
13 14
14 16
14 19
14 20
15 17
15 22
16 18
17 18
17 23
18 25
19 22
20 21
20 25
21 22
21 24
23 25
-1 -1
