25
4 5 2 5 Inf 1
3 6 3 1 5 4
9 6 Inf Inf 16 15
5 4 3 Inf 7 2
9 4 5 16 Inf 10
4 8 7 2 7 1
8 6 2 6 3 7
7 4 4 6 1 13
5 1 3 1 7 7
1 1 1 2 2 Inf
3 1 4 1 2 3
1 Inf 2 1 1 1
5 4 4 Inf 1 Inf
3 3 3 Inf 4 4
5 3 10 Inf 5 6
3 3 1 Inf 2 1
13 7 12 Inf 5 14
5 4 2 5 5 7
2 2 3 2 4 1
3 6 2 Inf 6 2
7 2 7 10 2 4
5 9 4 8 5 3
3 6 6 2 2 4
8 1 14 11 7 1
4 4 8 4 8 3
1 3
2 3
3 4
4 5
4 8
5 6
6 7
6 10
7 11
7 12
8 9
8 11
9 13
9 10
11 13
12 15
13 14
14 16
14 19
14 20
15 17
15 22
16 18
17 18
17 23
18 25
19 22
20 21
20 25
21 22
21 24
23 25
-1 -1
