25
4 4 1 8 3 6
3 1 2 3 2 3
9 15 17 1 7 13
5 3 10 9 7 3
9 14 7 5 4 9
4 8 6 7 8 5
8 8 16 11 2 3
7 13 3 1 2 7
5 10 6 9 1 Inf
1 2 Inf 2 1 Inf
3 6 6 Inf 2 3
1 2 1 2 1 2
5 Inf 1 10 Inf 9
3 2 2 2 2 5
5 7 3 4 5 Inf
3 6 3 5 6 6
13 Inf 19 17 8 9
5 Inf 2 2 8 6
2 Inf 1 3 2 4
3 Inf 1 1 3 2
7 14 Inf 2 Inf 12
5 2 6 8 5 Inf
3 3 5 1 6 4
8 6 15 3 1 Inf
4 2 1 5 7 6
1 3
2 3
3 4
4 5
4 8
5 6
6 7
6 10
7 11
7 12
8 9
8 11
9 13
9 10
11 13
12 15
13 14
14 16
14 19
14 20
15 17
15 22
16 18
17 18
17 23
18 25
19 22
20 21
20 25
21 22
21 24
23 25
-1 -1
