25
4 8 2 1 Inf 5
3 Inf 4 2 6 2
9 16 5 6 18 13
5 5 7 1 4 5
9 15 Inf 14 12 Inf
4 5 7 2 2 7
8 8 4 2 1 4
7 2 3 6 6 2
5 Inf 2 9 8 7
1 2 1 2 2 1
3 6 6 Inf 5 Inf
1 1 1 1 2 1
5 4 6 3 1 6
3 1 4 1 2 Inf
5 9 4 3 6 7
3 2 4 6 4 5
13 15 24 14 22 24
5 3 Inf 1 2 2
2 4 4 1 4 1
3 1 6 6 3 Inf
7 5 Inf 6 3 6
5 1 4 10 6 6
3 6 3 3 6 5
8 1 4 Inf 14 5
4 1 Inf 5 5 6
1 3
2 3
3 4
4 5
4 8
5 6
6 7
6 10
7 11
7 12
8 9
8 11
9 13
9 10
11 13
12 15
13 14
14 16
14 19
14 20
15 17
15 22
16 18
17 18
17 23
18 25
19 22
20 21
20 25
21 22
21 24
23 25
-1 -1
