25
4 5 2 2 4 7
3 3 3 4 3 3
9 5 14 15 11 1
5 7 9 4 6 7
9 10 11 17 1 2
4 Inf 2 Inf 5 5
8 9 Inf 8 Inf 3
7 4 12 7 6 6
5 2 Inf 3 4 1
1 Inf 1 2 2 1
3 Inf 5 4 3 1
1 Inf 1 Inf 1 1
5 3 2 7 1 8
3 6 2 2 2 6
5 5 3 3 2 Inf
3 3 6 2 2 1
13 16 14 22 21 8
5 2 2 5 Inf 5
2 2 4 1 2 4
3 4 1 5 5 6
7 7 4 6 1 4
5 4 9 1 6 4
3 6 4 1 6 Inf
8 Inf 9 6 1 3
4 6 6 Inf 3 Inf
1 3
2 3
3 4
4 5
4 8
5 6
6 7
6 10
7 11
7 12
8 9
8 11
9 13
9 10
11 13
12 15
13 14
14 16
14 19
14 20
15 17
15 22
16 18
17 18
17 23
18 25
19 22
20 21
20 25
21 22
21 24
23 25
-1 -1
