25
4 3 2 8 8 7
3 Inf 6 5 6 1
9 16 15 11 7 1
5 Inf 2 6 Inf 8
9 Inf 17 Inf 9 3
4 1 5 1 7 1
8 11 1 Inf 3 Inf
7 12 5 14 1 3
5 6 Inf 6 9 9
1 1 1 1 1 1
3 4 2 5 6 3
1 1 1 1 2 1
5 10 10 8 9 8
3 Inf 6 1 1 3
5 3 8 2 6 3
3 6 4 6 5 4
13 16 1 26 4 24
5 Inf 5 3 7 1
2 1 1 2 1 2
3 3 2 2 6 1
7 2 6 4 13 13
5 10 8 1 1 1
3 4 2 3 5 Inf
8 2 16 11 16 6
4 1 Inf Inf 4 4
1 3
2 3
3 4
4 5
4 8
5 6
6 7
6 10
7 11
7 12
8 9
8 11
9 13
9 10
11 13
12 15
13 14
14 16
14 19
14 20
15 17
15 22
16 18
17 18
17 23
18 25
19 22
20 21
20 25
21 22
21 24
23 25
-1 -1
