25
4 1 4 5 7 7
3 6 3 2 3 Inf
9 3 16 4 3 8
5 Inf 1 2 4 9
9 Inf 6 7 8 5
4 1 2 5 7 8
8 10 1 5 2 7
7 6 5 Inf Inf 11
5 2 6 Inf 7 9
1 1 2 1 2 Inf
3 4 2 6 2 Inf
1 2 1 1 1 1
5 10 Inf 7 8 3
3 1 3 Inf 5 2
5 9 7 6 3 Inf
3 1 5 Inf 1 3
13 21 3 10 1 26
5 4 2 5 6 4
2 3 1 4 Inf Inf
3 1 Inf 5 6 1
7 9 10 Inf 11 6
5 1 4 10 8 2
3 1 6 1 3 Inf
8 15 3 13 2 Inf
4 2 2 1 2 2
1 3
2 3
3 4
4 5
4 8
5 6
6 7
6 10
7 11
7 12
8 9
8 11
9 13
9 10
11 13
12 15
13 14
14 16
14 19
14 20
15 17
15 22
16 18
17 18
17 23
18 25
19 22
20 21
20 25
21 22
21 24
23 25
-1 -1
