25
4 7 Inf 8 5 7
3 4 Inf 2 1 Inf
9 2 17 3 2 3
5 6 8 3 10 1
9 Inf Inf 1 18 Inf
4 8 5 5 8 2
8 5 3 11 4 9
7 9 5 1 10 14
5 Inf 2 Inf 3 3
1 1 2 1 1 Inf
3 6 4 1 3 2
1 1 Inf 2 2 1
5 6 1 3 Inf 7
3 1 4 6 4 1
5 4 8 2 5 1
3 Inf 1 1 1 2
13 6 20 16 13 24
5 10 2 10 5 10
2 2 2 4 4 1
3 1 6 3 2 4
7 1 2 10 10 11
5 7 2 1 5 7
3 Inf 3 1 3 6
8 16 3 16 Inf 1
4 1 8 8 2 3
1 3
2 3
3 4
4 5
4 8
5 6
6 7
6 10
7 11
7 12
8 9
8 11
9 13
9 10
11 13
12 15
13 14
14 16
14 19
14 20
15 17
15 22
16 18
17 18
17 23
18 25
19 22
20 21
20 25
21 22
21 24
23 25
-1 -1
