25
4 2 3 7 5 3
3 5 1 6 2 5
9 10 15 5 Inf 3
5 Inf 7 6 1 2
9 13 12 1 18 3
4 1 4 4 8 6
8 3 13 Inf 6 9
7 6 8 13 14 1
5 8 7 2 6 8
1 1 1 2 2 2
3 5 1 2 3 3
1 2 2 2 2 1
5 6 3 1 9 4
3 1 2 4 3 3
5 7 9 2 2 7
3 6 6 4 4 4
13 10 1 Inf Inf 6
5 2 Inf 5 1 5
2 Inf 3 4 3 2
3 6 4 5 6 2
7 1 1 3 14 Inf
5 1 4 8 Inf 4
3 2 1 1 2 5
8 16 13 4 3 10
4 5 8 4 6 3
1 3
2 3
3 4
4 5
4 8
5 6
6 7
6 10
7 11
7 12
8 9
8 11
9 13
9 10
11 13
12 15
13 14
14 16
14 19
14 20
15 17
15 22
16 18
17 18
17 23
18 25
19 22
20 21
20 25
21 22
21 24
23 25
-1 -1
