25
4 7 2 6 1 Inf
3 4 1 1 1 5
9 4 1 9 11 17
5 Inf 2 5 10 1
9 8 7 14 12 3
4 3 1 2 7 2
8 4 6 15 2 Inf
7 5 11 1 7 12
5 9 9 9 9 5
1 1 2 1 2 1
3 2 2 3 Inf 2
1 2 1 1 1 2
5 6 Inf 1 1 6
3 6 5 5 6 2
5 5 6 3 Inf 1
3 2 6 5 3 Inf
13 Inf 15 10 5 23
5 6 10 3 5 7
2 2 3 3 3 4
3 Inf 2 5 2 4
7 Inf 6 3 12 10
5 3 2 2 5 5
3 4 1 3 1 1
8 16 9 12 12 16
4 Inf 3 1 1 7
1 3
2 3
3 4
4 5
4 8
5 6
6 7
6 10
7 11
7 12
8 9
8 11
9 13
9 10
11 13
12 15
13 14
14 16
14 19
14 20
15 17
15 22
16 18
17 18
17 23
18 25
19 22
20 21
20 25
21 22
21 24
23 25
-1 -1
