70
17 4 5 10 1 Inf 12 2 14 13
66 45 51 58 Inf 33 20 33 Inf 61
54 43 5 Inf 50 49 43 3 18 49
52 4 1 28 26 33 29 33 33 12
6 6 3 2 Inf 5 1 5 5 2
88 Inf 19 43 6 50 9 5 Inf 9
21 16 18 4 7 2 1 Inf Inf 3
128 72 66 Inf Inf 100 120 62 84 23
68 18 21 25 53 Inf Inf 10 5 48
70 13 39 Inf 40 Inf 56 62 15 60
85 28 20 83 53 76 54 84 30 34
21 Inf 4 4 14 20 5 12 11 11
134 36 12 111 Inf 70 110 10 22 19
135 117 32 86 3 126 129 59 Inf 6
94 67 84 14 84 1 34 32 Inf 49
90 26 23 83 Inf 39 28 22 84 12
50 41 37 Inf 5 30 Inf 21 17 29
143 134 35 30 126 46 67 4 139 Inf
19 15 16 Inf 3 16 12 3 8 19
54 53 11 3 26 53 13 28 10 36
50 2 5 10 46 10 30 Inf 2 27
40 19 23 Inf 4 7 Inf 37 23 5
73 63 64 Inf 39 42 Inf 56 Inf 61
12 11 8 11 4 4 Inf Inf 3 1
152 94 4 136 Inf 97 112 99 112 73
42 5 21 40 Inf 5 9 15 13 21
45 Inf 20 33 4 14 15 8 Inf 31
74 7 68 66 74 23 14 59 12 Inf
26 13 11 22 9 9 1 6 13 19
11 2 10 4 1 7 3 4 5 Inf
31 31 7 29 1 19 14 22 23 31
50 16 4 22 18 27 1 49 16 12
102 79 65 44 5 56 87 65 3 51
46 14 Inf 34 20 25 10 34 14 19
35 12 26 19 32 10 11 6 9 29
40 14 1 30 27 33 11 6 Inf 34
2 1 2 2 1 2 Inf 1 Inf 2
1 1 1 1 1 Inf 1 1 1 1
3 1 3 3 2 3 1 3 3 2
13 3 4 Inf 1 8 13 10 8 2
16 11 2 3 2 Inf 9 14 Inf 1
25 Inf 6 5 3 7 Inf 13 9 1
21 Inf 4 10 8 10 4 4 2 20
43 2 5 14 24 2 36 40 10 4
30 14 19 22 3 29 30 29 26 28
83 Inf 69 Inf 43 5 13 21 29 80
89 62 1 16 Inf 15 14 47 20 Inf
56 16 29 18 47 26 11 Inf Inf 40
59 40 30 20 42 4 3 Inf 11 Inf
43 34 4 40 6 25 38 29 1 Inf
11 9 3 9 3 4 Inf 11 5 11
26 Inf 12 13 9 2 3 9 7 6
44 16 Inf 9 21 20 2 4 15 44
121 Inf 88 Inf Inf 86 34 121 68 75
38 10 28 11 30 11 29 7 17 28
68 10 Inf 3 48 30 44 64 46 14
22 1 Inf 6 Inf 21 Inf 13 Inf 5
7 1 Inf Inf 2 2 5 2 Inf 4
16 11 15 5 8 13 14 Inf 11 8
32 26 14 21 7 6 5 Inf 6 3
25 4 25 22 2 18 Inf 23 3 11
27 21 2 3 26 12 17 23 27 23
156 80 24 20 115 Inf 55 133 118 72
28 23 5 Inf 24 28 18 6 5 6
15 4 9 Inf 12 8 3 1 Inf 6
26 6 7 5 9 4 8 24 9 1
18 7 16 8 Inf 5 11 Inf 1 16
72 2 61 15 16 26 70 53 61 19
23 17 9 22 Inf 22 19 17 1 9
27 20 4 23 10 2 9 2 Inf 24
1 2
1 41
1 69
1 70
2 3
3 4
3 68
4 6
4 7
5 6
5 24
5 30
6 8
7 8
8 12
9 10
10 11
11 12
12 13
12 14
13 23
14 23
15 16
16 17
16 18
17 19
18 19
19 20
19 22
19 57
20 21
21 23
22 23
23 25
23 31
23 33
24 25
25 26
25 27
25 28
25 29
26 35
27 35
28 35
29 35
30 31
31 32
32 35
33 34
34 35
35 36
35 44
35 48
35 51
35 53
35 56
35 60
35 61
35 62
36 37
37 38
38 39
39 40
40 42
41 42
42 43
43 50
44 45
45 46
46 47
47 50
48 49
49 50
51 52
52 54
53 54
54 55
57 58
58 59
59 60
61 65
62 63
63 64
64 65
64 66
64 67
