70
17 Inf 14 9 16 Inf Inf 4 16 3
66 63 Inf Inf 15 20 37 Inf 47 7
54 31 4 Inf 10 10 Inf Inf 12 Inf
52 12 26 19 Inf 16 6 24 24 45
6 4 4 5 2 4 1 4 5 4
88 82 76 12 86 53 68 Inf 32 75
21 Inf 10 2 3 8 17 1 8 21
128 8 95 104 Inf Inf 88 28 20 107
68 8 31 Inf Inf 40 Inf 38 1 40
70 9 43 19 46 10 67 46 4 Inf
85 55 9 Inf 72 13 28 Inf Inf Inf
21 8 11 5 12 13 3 Inf 5 1
134 54 94 30 126 87 Inf 114 120 Inf
135 Inf 39 Inf Inf 133 38 85 115 Inf
94 Inf 56 11 Inf 22 76 66 24 41
90 Inf Inf Inf 1 90 13 44 48 Inf
50 Inf 24 5 50 Inf 8 1 40 31
143 31 40 Inf 68 107 Inf 4 Inf 89
19 2 Inf 5 Inf Inf Inf 3 2 Inf
54 Inf 24 40 3 25 34 5 Inf Inf
50 5 Inf 30 Inf 41 31 28 Inf Inf
40 8 4 28 6 20 6 19 32 Inf
73 Inf 42 34 71 17 8 Inf Inf 33
12 8 Inf Inf 12 10 12 11 5 Inf
152 150 96 33 37 18 Inf 102 64 73
42 41 12 23 24 22 24 19 30 35
45 Inf 19 29 31 Inf 19 31 17 28
74 52 Inf 16 3 25 Inf 10 Inf 62
26 5 6 Inf 9 Inf Inf 23 6 Inf
11 9 Inf 10 2 10 Inf 2 3 9
31 1 23 3 5 5 17 19 Inf Inf
50 30 Inf 16 5 Inf 26 7 32 13
102 Inf 9 33 18 83 Inf 53 42 78
46 Inf 14 1 21 Inf 32 14 Inf Inf
35 18 Inf 33 13 30 26 13 11 27
40 39 40 23 8 12 18 Inf 21 25
2 1 Inf 1 2 1 Inf Inf 2 1
1 Inf 1 1 1 1 Inf 1 1 1
3 Inf Inf 1 2 Inf Inf Inf 2 1
13 Inf 6 4 8 10 3 5 Inf 6
16 11 10 6 Inf Inf 9 8 2 Inf
25 Inf Inf 22 17 Inf Inf 20 24 6
21 2 4 11 4 Inf 7 Inf 11 8
43 4 20 Inf 32 43 40 Inf 42 36
30 13 1 24 29 1 23 Inf 6 10
83 69 Inf 67 60 17 18 78 68 38
89 Inf 19 25 Inf 30 88 48 71 27
56 50 20 56 17 16 49 34 1 34
59 24 50 Inf Inf 6 55 47 Inf 23
43 Inf 41 37 Inf Inf 17 5 12 Inf
11 1 Inf 9 7 1 Inf 1 3 2
26 18 21 9 10 7 21 21 2 22
44 18 31 Inf 2 37 36 6 40 Inf
121 9 Inf Inf 33 8 31 46 5 78
38 4 6 8 Inf 18 5 31 32 Inf
68 36 55 Inf 31 61 23 62 60 5
22 18 11 9 2 22 19 1 10 10
7 5 7 2 5 2 6 1 3 5
16 Inf 12 16 5 Inf Inf 15 5 12
32 Inf 1 23 15 Inf 29 Inf Inf 16
25 Inf 6 19 4 13 14 10 25 10
27 11 Inf 20 4 Inf 6 7 19 4
156 83 97 67 90 75 47 84 Inf 105
28 3 12 26 10 23 1 11 21 11
15 Inf Inf 5 Inf 12 6 15 8 8
26 Inf Inf 1 6 2 23 Inf 23 20
18 1 7 1 10 17 17 13 Inf 17
72 Inf 12 62 20 23 34 Inf 3 Inf
23 5 16 1 Inf 12 10 19 Inf 22
27 Inf 24 Inf 2 22 12 Inf Inf 13
1 2
1 41
1 69
1 70
2 3
3 4
3 68
4 6
4 7
5 6
5 24
5 30
6 8
7 8
8 12
9 10
10 11
11 12
12 13
12 14
13 23
14 23
15 16
16 17
16 18
17 19
18 19
19 20
19 22
19 57
20 21
21 23
22 23
23 25
23 31
23 33
24 25
25 26
25 27
25 28
25 29
26 35
27 35
28 35
29 35
30 31
31 32
32 35
33 34
34 35
35 36
35 44
35 48
35 51
35 53
35 56
35 60
35 61
35 62
36 37
37 38
38 39
39 40
40 42
41 42
42 43
43 50
44 45
45 46
46 47
47 50
48 49
49 50
51 52
52 54
53 54
54 55
57 58
58 59
59 60
61 65
62 63
63 64
64 65
64 66
64 67
