70
17 3 13 17 2 10 10 12 2 17
66 3 Inf 41 55 17 4 6 17 9
54 4 43 11 Inf 46 16 10 Inf 39
52 26 2 13 48 18 10 17 36 4
6 Inf 4 4 1 1 Inf 5 Inf Inf
88 59 53 34 Inf 16 28 45 56 10
21 9 Inf Inf 1 21 12 3 11 Inf
128 20 94 5 9 Inf 116 100 1 Inf
68 46 3 5 10 35 7 29 44 53
70 Inf 24 Inf 11 37 38 Inf Inf 25
85 Inf 8 Inf 37 Inf 8 35 77 64
21 1 3 12 14 6 12 21 Inf 2
134 93 31 Inf Inf 66 72 Inf 91 77
135 51 34 15 8 12 23 64 48 110
94 25 Inf 88 1 68 8 70 8 65
90 76 Inf 25 24 36 89 40 Inf 88
50 27 3 32 40 Inf Inf 49 23 27
143 Inf Inf 116 133 120 33 99 16 Inf
19 7 5 Inf 13 6 Inf Inf 8 11
54 33 4 54 7 17 27 Inf 48 11
50 21 Inf Inf 43 6 15 Inf 4 13
40 31 37 Inf Inf 34 Inf 1 5 Inf
73 31 73 48 4 Inf 48 42 71 72
12 9 12 5 Inf Inf 12 12 1 10
152 Inf 53 53 117 76 3 109 11 39
42 29 12 9 3 34 Inf 2 35 20
45 22 20 40 Inf 24 16 13 44 31
74 49 2 16 57 63 Inf Inf 4 47
26 4 12 Inf 3 Inf Inf Inf 17 18
11 2 4 1 7 2 10 3 7 1
31 7 10 8 17 Inf 29 13 2 27
50 28 50 45 14 50 32 46 Inf 36
102 101 66 8 54 92 54 Inf 7 Inf
46 20 Inf 6 Inf 9 21 Inf Inf 25
35 2 31 7 10 Inf 27 23 25 21
40 Inf 37 39 Inf 30 40 36 5 11
2 2 1 1 1 2 2 1 Inf 1
1 Inf 1 1 1 1 1 1 1 1
3 Inf 3 3 Inf Inf 1 2 Inf 1
13 4 11 Inf 4 Inf Inf Inf 12 Inf
16 13 1 1 16 14 14 Inf Inf 13
25 4 24 Inf 2 4 Inf 2 1 3
21 11 10 Inf Inf Inf 2 5 Inf 4
43 Inf Inf 13 12 10 2 Inf Inf 13
30 Inf 20 3 Inf 5 Inf 26 5 23
83 Inf 39 23 Inf 21 16 37 11 36
89 87 Inf 45 Inf 51 67 31 29 Inf
56 56 Inf 30 23 43 54 12 15 54
59 26 19 45 45 28 Inf 5 Inf 25
43 7 Inf Inf 13 17 2 41 17 30
11 Inf 4 Inf 9 2 11 2 7 9
26 17 Inf 8 8 1 5 Inf 6 23
44 13 33 Inf Inf 4 37 22 4 31
121 11 46 69 115 7 104 60 111 18
38 4 2 27 6 Inf Inf Inf 6 29
68 15 34 4 28 37 Inf 44 Inf 2
22 17 18 5 6 19 17 Inf 8 Inf
7 5 1 4 Inf 4 2 Inf 1 7
16 2 10 8 Inf 15 12 Inf 13 11
32 Inf 20 6 1 18 31 14 21 31
25 5 5 22 5 Inf 19 9 Inf 17
27 Inf Inf Inf 21 5 24 20 22 1
156 11 138 Inf 57 39 12 36 Inf Inf
28 22 Inf 18 28 4 18 7 Inf Inf
15 5 4 Inf Inf 5 13 2 4 10
26 9 Inf 16 24 17 21 5 19 20
18 12 12 1 12 1 17 5 14 4
72 64 44 55 Inf 72 Inf Inf Inf 7
23 Inf 11 Inf 4 17 19 17 1 18
27 13 11 Inf 18 Inf 7 10 27 Inf
1 2
1 41
1 69
1 70
2 3
3 4
3 68
4 6
4 7
5 6
5 24
5 30
6 8
7 8
8 12
9 10
10 11
11 12
12 13
12 14
13 23
14 23
15 16
16 17
16 18
17 19
18 19
19 20
19 22
19 57
20 21
21 23
22 23
23 25
23 31
23 33
24 25
25 26
25 27
25 28
25 29
26 35
27 35
28 35
29 35
30 31
31 32
32 35
33 34
34 35
35 36
35 44
35 48
35 51
35 53
35 56
35 60
35 61
35 62
36 37
37 38
38 39
39 40
40 42
41 42
42 43
43 50
44 45
45 46
46 47
47 50
48 49
49 50
51 52
52 54
53 54
54 55
57 58
58 59
59 60
61 65
62 63
63 64
64 65
64 66
64 67
