70
17 17 16 10 14 Inf 11 16 Inf 3
66 56 1 26 14 22 60 19 Inf Inf
54 Inf Inf 28 2 6 Inf 7 19 34
52 51 12 27 12 9 24 9 34 18
6 6 3 2 4 4 Inf 3 2 Inf
88 Inf 27 61 Inf 59 Inf 30 Inf 1
21 11 8 18 2 10 7 16 11 Inf
128 5 31 42 Inf 44 Inf 99 109 Inf
68 14 52 18 64 63 1 38 Inf 46
70 29 55 3 42 67 Inf 54 Inf Inf
85 Inf 20 Inf 53 38 Inf 2 Inf Inf
21 Inf 6 Inf 8 7 1 Inf 12 11
134 Inf 65 Inf 55 87 75 18 31 40
135 67 117 8 40 63 33 1 96 112
94 26 89 18 91 45 1 88 12 Inf
90 67 60 71 45 28 41 31 27 88
50 23 26 2 8 8 21 45 45 23
143 95 128 Inf Inf 115 11 60 5 116
19 2 5 3 18 7 1 Inf Inf Inf
54 6 1 42 15 Inf 12 32 13 12
50 18 4 48 48 25 40 1 49 11
40 35 9 2 9 1 19 Inf 19 10
73 16 26 Inf 62 69 40 4 Inf 56
12 Inf 10 Inf 8 12 2 12 2 8
152 37 98 99 98 48 54 25 91 73
42 Inf Inf Inf 30 40 9 10 Inf Inf
45 23 Inf Inf 9 2 Inf 7 Inf 39
74 Inf 2 1 8 10 Inf 52 33 71
26 Inf 23 Inf Inf Inf 4 18 25 Inf
11 11 Inf 2 2 10 4 Inf 9 Inf
31 1 24 12 Inf Inf 25 Inf Inf 15
50 Inf 18 16 10 14 39 6 30 44
102 Inf 44 Inf 8 8 31 25 59 91
46 Inf 43 41 5 2 24 36 Inf 32
35 Inf Inf 4 22 7 Inf 19 24 Inf
40 29 Inf 31 26 2 34 33 4 17
2 Inf Inf 2 Inf 1 Inf 2 Inf 1
1 1 1 1 1 Inf 1 Inf Inf 1
3 1 3 3 1 Inf 1 1 1 2
13 12 Inf 11 2 8 10 2 11 3
16 16 5 2 9 10 15 1 10 4
25 4 Inf 22 3 25 Inf 16 18 Inf
21 11 6 7 17 Inf 9 17 20 Inf
43 13 13 34 16 16 8 36 29 24
30 14 16 25 19 5 8 25 4 4
83 Inf 30 20 46 43 3 11 81 Inf
89 23 67 17 71 53 8 17 33 Inf
56 25 43 1 Inf 30 31 16 Inf 52
59 Inf Inf Inf 16 33 7 7 Inf 40
43 22 23 3 Inf 21 7 Inf 5 9
11 Inf 11 1 Inf 11 11 3 5 Inf
26 17 25 8 21 5 26 22 7 3
44 5 13 26 29 43 8 12 25 44
121 19 54 Inf 30 81 53 35 32 Inf
38 25 Inf 29 32 18 22 37 Inf 17
68 15 44 17 15 35 17 61 Inf 37
22 3 6 3 Inf 21 10 Inf 11 1
7 6 Inf 2 Inf 1 3 3 5 Inf
16 Inf Inf 15 3 7 12 10 3 Inf
32 Inf 30 Inf 26 1 25 17 20 25
25 Inf 18 8 8 Inf Inf 16 Inf 12
27 15 Inf 16 2 Inf 19 27 4 7
156 150 89 77 Inf 125 138 148 88 83
28 16 12 28 27 8 3 6 28 Inf
15 3 14 14 2 Inf Inf 9 4 13
26 8 21 1 23 8 1 18 12 17
18 11 5 8 14 1 Inf 12 18 Inf
72 18 Inf 49 Inf 15 34 70 6 45
23 Inf 19 Inf 5 Inf 19 6 22 Inf
27 Inf 24 17 10 7 21 Inf 25 20
1 2
1 41
1 69
1 70
2 3
3 4
3 68
4 6
4 7
5 6
5 24
5 30
6 8
7 8
8 12
9 10
10 11
11 12
12 13
12 14
13 23
14 23
15 16
16 17
16 18
17 19
18 19
19 20
19 22
19 57
20 21
21 23
22 23
23 25
23 31
23 33
24 25
25 26
25 27
25 28
25 29
26 35
27 35
28 35
29 35
30 31
31 32
32 35
33 34
34 35
35 36
35 44
35 48
35 51
35 53
35 56
35 60
35 61
35 62
36 37
37 38
38 39
39 40
40 42
41 42
42 43
43 50
44 45
45 46
46 47
47 50
48 49
49 50
51 52
52 54
53 54
54 55
57 58
58 59
59 60
61 65
62 63
63 64
64 65
64 66
64 67
