70
17 4 6 Inf 8 13 Inf 9 2 3
66 Inf Inf 29 15 24 17 63 13 22
54 Inf 28 53 Inf Inf 18 54 Inf 22
52 Inf Inf 7 Inf Inf 23 11 26 27
6 6 6 Inf 3 6 2 2 4 2
88 85 Inf 49 Inf 42 41 30 9 18
21 11 14 2 Inf 9 1 10 Inf Inf
128 21 13 68 120 9 96 28 16 121
68 39 Inf 5 24 53 28 43 5 42
70 32 5 19 23 14 65 58 44 Inf
85 74 77 18 Inf 16 Inf 70 18 14
21 16 Inf 10 9 1 4 9 2 4
134 58 37 111 38 65 Inf Inf 128 132
135 6 6 135 120 135 9 70 32 Inf
94 9 89 Inf 24 90 74 Inf Inf 2
90 1 58 2 8 76 47 Inf Inf 42
50 Inf 14 Inf Inf 41 8 16 3 27
143 27 107 Inf 36 37 113 81 Inf 63
19 8 Inf Inf 9 16 Inf 18 4 4
54 32 14 Inf 17 7 30 5 41 Inf
50 8 48 47 Inf 19 Inf 24 13 37
40 Inf Inf 24 Inf 13 39 21 7 37
73 52 64 49 7 Inf 40 50 54 29
12 Inf 9 2 7 12 6 2 4 2
152 9 12 70 17 120 Inf 58 45 62
42 11 1 Inf 10 39 Inf 31 3 19
45 44 44 Inf Inf 2 38 17 30 9
74 Inf 74 50 Inf Inf 11 43 39 64
26 24 3 Inf 7 21 18 Inf 5 14
11 1 11 2 3 11 2 11 11 Inf
31 Inf 20 22 21 27 Inf 27 13 31
50 40 Inf Inf 45 38 12 9 1 38
102 56 52 99 11 28 Inf Inf Inf Inf
46 1 4 Inf 4 7 4 10 26 5
35 22 18 3 Inf 12 32 19 31 13
40 22 Inf 37 2 27 Inf 18 28 Inf
2 1 2 1 Inf 1 Inf 2 2 1
1 1 1 1 1 Inf 1 Inf 1 1
3 Inf 1 1 Inf Inf 3 2 3 1
13 Inf 4 11 9 Inf 10 2 10 10
16 2 Inf 3 Inf 12 8 7 2 3
25 20 5 Inf 13 13 4 25 Inf 8
21 9 Inf 10 2 Inf 19 Inf 9 1
43 38 35 29 Inf 27 18 4 31 Inf
30 17 1 4 21 18 15 13 1 2
83 Inf 23 19 Inf Inf 4 70 4 Inf
89 Inf 9 19 9 Inf 14 46 1 29
56 35 53 Inf Inf Inf 39 43 20 32
59 Inf 17 16 30 48 5 14 40 2
43 2 25 36 34 43 3 43 10 25
11 5 9 5 8 5 9 3 2 3
26 Inf Inf 7 19 6 2 Inf 1 4
44 Inf 16 34 Inf 13 19 36 7 3
121 77 Inf 15 81 112 Inf 120 Inf 83
38 21 9 29 23 7 30 34 19 7
68 27 54 35 55 56 47 50 52 Inf
22 Inf 10 22 Inf Inf 11 2 2 11
7 3 4 4 4 6 1 Inf 2 Inf
16 3 16 Inf Inf 14 Inf 4 Inf 12
32 27 20 11 32 29 15 15 29 25
25 23 15 24 3 25 11 Inf 22 21
27 Inf 6 22 Inf 19 3 6 Inf 10
156 99 138 34 92 147 125 Inf 141 46
28 14 17 17 2 2 Inf 15 10 Inf
15 14 14 Inf Inf 12 4 1 Inf Inf
26 6 1 1 9 8 13 18 3 23
18 9 Inf Inf 2 18 1 10 10 Inf
72 11 15 Inf 48 Inf Inf 1 61 47
23 7 Inf 20 Inf 11 21 15 17 9
27 5 8 17 Inf 17 Inf 23 15 17
1 2
1 41
1 69
1 70
2 3
3 4
3 68
4 6
4 7
5 6
5 24
5 30
6 8
7 8
8 12
9 10
10 11
11 12
12 13
12 14
13 23
14 23
15 16
16 17
16 18
17 19
18 19
19 20
19 22
19 57
20 21
21 23
22 23
23 25
23 31
23 33
24 25
25 26
25 27
25 28
25 29
26 35
27 35
28 35
29 35
30 31
31 32
32 35
33 34
34 35
35 36
35 44
35 48
35 51
35 53
35 56
35 60
35 61
35 62
36 37
37 38
38 39
39 40
40 42
41 42
42 43
43 50
44 45
45 46
46 47
47 50
48 49
49 50
51 52
52 54
53 54
54 55
57 58
58 59
59 60
61 65
62 63
63 64
64 65
64 66
64 67
