70
17 3 13 Inf 16 8 Inf Inf 15 Inf
66 Inf Inf 61 Inf Inf Inf 65 21 17
54 47 50 Inf 19 Inf 50 10 Inf 4
52 36 37 Inf Inf Inf 3 22 6 45
6 6 2 Inf 6 5 3 Inf 5 2
88 Inf Inf 4 87 61 Inf 61 34 17
21 14 Inf 19 9 7 21 13 8 4
128 Inf Inf 75 84 Inf Inf Inf Inf Inf
68 24 Inf Inf 52 Inf Inf 4 63 40
70 Inf 40 Inf 14 26 4 6 34 54
85 Inf 24 22 85 Inf Inf 80 29 84
21 Inf 5 16 21 4 Inf Inf 2 1
134 85 121 14 12 Inf 116 129 55 105
135 18 101 6 129 Inf 56 104 55 Inf
94 1 12 53 84 62 18 70 72 42
90 85 Inf 14 48 75 6 Inf 69 Inf
50 20 28 40 12 40 3 Inf 39 Inf
143 Inf 24 39 81 28 71 79 24 50
19 1 6 3 15 2 15 2 19 15
54 14 8 11 8 18 47 15 46 24
50 49 46 22 31 2 2 5 34 Inf
40 Inf 1 27 Inf 9 10 16 Inf 33
73 43 31 5 5 Inf 20 63 45 40
12 Inf 4 11 2 11 4 4 8 6
152 108 Inf 106 76 121 Inf 39 24 123
42 1 37 40 19 Inf 24 32 22 10
45 12 11 Inf Inf 36 Inf Inf Inf 11
74 44 10 55 Inf 5 12 Inf 10 37
26 22 15 Inf 20 Inf 14 7 1 3
11 2 1 2 5 9 7 Inf 1 5
31 24 8 Inf 20 14 Inf Inf Inf 31
50 Inf 12 29 46 Inf 28 46 37 40
102 Inf 63 Inf 5 74 82 Inf 20 25
46 13 9 30 Inf Inf 2 32 38 1
35 18 20 4 29 13 Inf 21 11 6
40 25 29 39 Inf 3 36 1 Inf 5
2 Inf 1 1 2 Inf 2 2 1 Inf
1 Inf 1 1 1 1 Inf 1 Inf 1
3 1 Inf 2 2 3 Inf 2 Inf 1
13 13 8 1 12 6 9 12 3 4
16 9 Inf 10 10 3 Inf 10 Inf Inf
25 6 Inf Inf 9 Inf 15 19 3 17
21 2 10 21 17 5 3 Inf 14 20
43 37 34 Inf Inf 11 32 2 17 16
30 29 25 17 7 2 Inf 23 19 12
83 75 31 74 8 Inf Inf 21 Inf 15
89 Inf 29 25 41 24 3 82 Inf 5
56 54 40 34 47 8 33 39 Inf 35
59 3 38 32 Inf Inf Inf 56 10 32
43 40 15 3 4 Inf 42 11 40 Inf
11 6 Inf 4 4 7 4 3 11 7
26 Inf 7 8 20 4 Inf 12 5 Inf
44 15 24 Inf Inf 1 41 8 11 Inf
121 Inf 50 118 Inf Inf 94 Inf 105 114
38 Inf 13 1 28 30 10 Inf 2 26
68 41 Inf Inf 15 38 Inf 66 Inf Inf
22 2 14 4 4 Inf Inf 20 19 13
7 3 1 Inf 6 2 Inf 7 6 6
16 1 7 1 2 5 4 Inf 6 12
32 Inf Inf 7 Inf 11 8 9 4 27
25 7 19 Inf Inf Inf 3 Inf 12 Inf
27 27 4 23 7 Inf 6 7 14 21
156 29 125 Inf 52 Inf 136 52 123 135
28 26 22 10 17 14 11 Inf Inf 19
15 15 6 10 4 1 2 1 4 Inf
26 Inf 20 19 6 1 24 19 25 12
18 Inf Inf 2 6 7 Inf Inf 16 12
72 49 Inf 22 18 3 16 9 Inf 6
23 6 15 19 Inf 16 Inf Inf 6 7
27 15 9 12 4 21 3 22 16 21
1 2
1 41
1 69
1 70
2 3
3 4
3 68
4 6
4 7
5 6
5 24
5 30
6 8
7 8
8 12
9 10
10 11
11 12
12 13
12 14
13 23
14 23
15 16
16 17
16 18
17 19
18 19
19 20
19 22
19 57
20 21
21 23
22 23
23 25
23 31
23 33
24 25
25 26
25 27
25 28
25 29
26 35
27 35
28 35
29 35
30 31
31 32
32 35
33 34
34 35
35 36
35 44
35 48
35 51
35 53
35 56
35 60
35 61
35 62
36 37
37 38
38 39
39 40
40 42
41 42
42 43
43 50
44 45
45 46
46 47
47 50
48 49
49 50
51 52
52 54
53 54
54 55
57 58
58 59
59 60
61 65
62 63
63 64
64 65
64 66
64 67
