70
17 Inf 17 Inf Inf 16 Inf Inf 11 2
66 Inf 49 52 Inf 27 9 38 19 42
54 18 26 Inf 29 24 22 Inf 9 31
52 6 26 31 Inf 13 Inf 4 48 Inf
6 3 Inf Inf 3 4 Inf 4 2 6
88 77 84 7 74 21 Inf 64 21 79
21 18 17 14 10 Inf 13 11 6 13
128 101 79 Inf 111 70 104 43 26 8
68 Inf Inf 22 10 Inf 55 34 1 47
70 Inf 62 45 Inf Inf Inf 7 46 40
85 Inf 51 61 55 Inf 85 12 81 34
21 10 17 6 2 17 19 12 Inf 4
134 32 Inf 133 67 28 Inf 127 26 Inf
135 109 39 61 66 91 125 33 49 11
94 Inf 34 Inf 30 Inf 15 29 53 14
90 66 45 56 48 3 72 52 Inf Inf
50 32 44 40 28 11 35 11 2 37
143 Inf 22 4 12 58 Inf 69 132 117
19 Inf 16 2 Inf 5 3 3 13 12
54 31 37 35 Inf Inf 19 50 47 53
50 9 4 41 Inf 9 41 21 9 31
40 27 Inf Inf 7 2 19 31 Inf Inf
73 61 9 Inf 30 64 73 52 58 3
12 8 2 Inf Inf 1 11 Inf Inf Inf
152 Inf 48 66 63 74 147 102 Inf 58
42 30 25 7 Inf 22 27 32 1 Inf
45 27 20 Inf 30 6 10 34 4 38
74 6 41 Inf 40 38 Inf 46 2 73
26 1 10 14 Inf Inf 10 18 Inf 14
11 Inf Inf 2 7 2 2 4 8 Inf
31 Inf 28 3 27 6 6 8 4 17
50 Inf 28 Inf Inf 30 13 36 13 31
102 Inf 6 35 65 52 60 37 Inf 79
46 Inf 36 28 6 27 Inf 29 8 39
35 Inf 22 34 10 23 Inf Inf 29 35
40 9 18 Inf Inf Inf Inf 3 31 37
2 2 1 1 1 2 2 2 2 Inf
1 1 Inf 1 1 Inf 1 Inf 1 1
3 1 3 1 3 3 3 Inf 1 Inf
13 6 Inf 12 11 3 5 5 8 Inf
16 2 2 11 10 13 13 14 16 4
25 6 14 Inf 1 11 7 23 24 5
21 9 4 5 19 21 20 Inf Inf Inf
43 15 36 2 33 6 15 17 35 31
30 16 Inf 6 12 4 17 22 17 4
83 60 54 23 Inf 17 74 64 12 2
89 Inf 15 64 Inf 50 46 61 Inf Inf
56 29 Inf 35 3 Inf 10 18 Inf Inf
59 58 Inf Inf 52 50 11 Inf 9 1
43 32 20 31 20 8 Inf 36 Inf 25
11 4 4 4 5 Inf 3 6 4 6
26 22 1 2 12 18 15 3 7 11
44 26 24 14 44 3 Inf 15 39 33
121 96 1 67 51 69 40 7 107 Inf
38 18 36 17 32 27 8 11 36 Inf
68 5 23 36 Inf Inf 65 Inf 30 62
22 10 4 6 9 16 13 Inf 3 18
7 3 Inf Inf 7 5 7 Inf 7 2
16 8 Inf 4 Inf Inf 1 7 15 1
32 14 21 Inf 8 Inf Inf 19 16 16
25 20 25 8 20 17 Inf 17 18 Inf
27 Inf 21 22 Inf Inf Inf 17 Inf Inf
156 47 29 Inf 35 147 Inf Inf Inf 45
28 Inf 21 21 2 5 11 14 7 19
15 10 15 12 12 15 Inf 14 13 13
26 8 14 1 Inf 22 6 3 3 11
18 4 Inf 8 15 Inf Inf 6 9 Inf
72 51 10 34 45 3 9 11 4 31
23 Inf Inf 5 Inf Inf 4 16 21 22
27 4 3 19 7 14 15 26 22 Inf
1 2
1 41
1 69
1 70
2 3
3 4
3 68
4 6
4 7
5 6
5 24
5 30
6 8
7 8
8 12
9 10
10 11
11 12
12 13
12 14
13 23
14 23
15 16
16 17
16 18
17 19
18 19
19 20
19 22
19 57
20 21
21 23
22 23
23 25
23 31
23 33
24 25
25 26
25 27
25 28
25 29
26 35
27 35
28 35
29 35
30 31
31 32
32 35
33 34
34 35
35 36
35 44
35 48
35 51
35 53
35 56
35 60
35 61
35 62
36 37
37 38
38 39
39 40
40 42
41 42
42 43
43 50
44 45
45 46
46 47
47 50
48 49
49 50
51 52
52 54
53 54
54 55
57 58
58 59
59 60
61 65
62 63
63 64
64 65
64 66
64 67
