70
17 Inf Inf Inf Inf 10 4 Inf 17 Inf
66 29 Inf 46 46 Inf 14 Inf 47 56
54 26 Inf 23 24 2 Inf 3 Inf 14
52 21 51 25 41 Inf 41 42 12 15
6 5 2 6 6 2 6 1 1 4
88 9 Inf 18 50 36 61 45 27 47
21 9 16 7 8 11 Inf 20 20 Inf
128 35 35 Inf 29 13 52 102 121 23
68 50 62 36 Inf Inf 62 Inf 47 Inf
70 15 28 Inf 48 Inf 23 4 47 Inf
85 38 51 11 36 Inf 64 61 27 62
21 10 2 6 7 7 17 2 5 7
134 66 38 58 38 47 73 77 107 74
135 Inf Inf 116 Inf 106 34 115 39 Inf
94 47 12 68 1 78 Inf 55 19 Inf
90 67 38 65 42 Inf 55 53 67 63
50 25 38 2 41 41 50 9 37 34
143 Inf Inf 5 25 26 64 Inf Inf 22
19 3 15 3 1 7 17 Inf 14 4
54 14 31 14 17 11 23 6 1 43
50 Inf Inf 3 18 32 12 33 Inf Inf
40 6 Inf 15 Inf 34 Inf Inf 14 11
73 42 56 72 Inf 3 Inf 46 26 73
12 Inf 10 10 8 Inf 5 3 Inf Inf
152 118 70 24 24 30 137 108 83 Inf
42 22 34 10 Inf 5 2 Inf 3 27
45 2 16 16 27 Inf 36 10 26 25
74 Inf Inf 72 Inf Inf 4 44 19 3
26 Inf 26 9 2 1 8 23 6 13
11 1 3 4 1 5 8 6 3 1
31 22 18 1 18 27 17 12 7 11
50 36 42 19 Inf 37 8 15 45 44
102 16 Inf 1 31 44 6 74 25 72
46 10 45 10 Inf 39 Inf 7 27 39
35 Inf 21 30 11 Inf 15 28 28 Inf
40 1 4 3 Inf 3 7 13 40 Inf
2 2 Inf 2 2 2 1 2 Inf Inf
1 1 1 1 1 Inf Inf Inf 1 1
3 1 3 3 3 Inf 3 1 Inf 1
13 Inf 8 2 6 10 3 Inf 1 7
16 Inf 15 Inf 12 2 10 4 Inf Inf
25 Inf Inf 22 Inf 15 10 19 Inf Inf
21 Inf 1 13 6 4 7 8 17 Inf
43 5 10 21 27 35 29 39 5 15
30 23 30 2 Inf Inf Inf 29 Inf 25
83 7 24 73 Inf 52 28 Inf Inf 41
89 Inf 12 14 78 11 48 13 23 85
56 Inf 5 23 Inf 11 6 Inf 43 31
59 Inf 18 5 7 Inf Inf 43 10 Inf
43 Inf Inf 7 21 Inf Inf 14 23 30
11 Inf Inf 5 9 9 2 Inf Inf Inf
26 23 1 18 18 16 Inf Inf 20 24
44 14 4 31 7 Inf Inf 12 Inf 16
121 52 32 102 Inf Inf 117 57 69 78
38 7 3 33 7 23 Inf 26 Inf 3
68 6 43 60 32 53 Inf 61 47 Inf
22 22 Inf 22 2 7 Inf Inf Inf 17
7 2 3 Inf Inf 7 7 1 Inf 4
16 12 12 13 16 Inf Inf 4 6 9
32 Inf 29 Inf 23 7 1 29 7 17
25 24 8 19 18 Inf Inf Inf 7 7
27 Inf 7 Inf Inf Inf 20 13 3 20
156 71 57 28 41 153 95 147 11 143
28 24 26 18 Inf 9 4 19 Inf 11
15 8 Inf Inf 9 12 Inf Inf 2 Inf
26 Inf Inf 24 24 20 10 11 6 7
18 11 Inf Inf Inf Inf 4 4 5 15
72 41 64 47 5 57 Inf Inf 19 29
23 Inf 12 Inf 10 7 8 22 23 3
27 Inf 15 Inf 10 10 9 10 12 5
1 2
1 41
1 69
1 70
2 3
3 4
3 68
4 6
4 7
5 6
5 24
5 30
6 8
7 8
8 12
9 10
10 11
11 12
12 13
12 14
13 23
14 23
15 16
16 17
16 18
17 19
18 19
19 20
19 22
19 57
20 21
21 23
22 23
23 25
23 31
23 33
24 25
25 26
25 27
25 28
25 29
26 35
27 35
28 35
29 35
30 31
31 32
32 35
33 34
34 35
35 36
35 44
35 48
35 51
35 53
35 56
35 60
35 61
35 62
36 37
37 38
38 39
39 40
40 42
41 42
42 43
43 50
44 45
45 46
46 47
47 50
48 49
49 50
51 52
52 54
53 54
54 55
57 58
58 59
59 60
61 65
62 63
63 64
64 65
64 66
64 67
