70
17 1 Inf 16 16 3 2 16 Inf 1
66 Inf 27 1 11 32 34 12 51 Inf
54 Inf 48 38 7 47 52 8 1 30
52 Inf Inf Inf Inf 16 Inf 49 Inf Inf
6 1 5 6 Inf 2 Inf Inf Inf 4
88 Inf 62 76 28 9 50 14 50 19
21 11 5 20 12 2 9 21 1 13
128 2 97 11 73 Inf 107 88 92 116
68 36 61 8 Inf 8 Inf 5 Inf 65
70 25 5 9 16 62 38 54 Inf 7
85 Inf 21 60 10 Inf 43 Inf Inf 53
21 9 3 20 20 15 8 21 11 4
134 114 65 Inf 100 68 32 62 88 35
135 14 Inf Inf 57 125 23 38 57 10
94 57 59 4 Inf 9 42 64 32 Inf
90 81 80 79 47 15 38 38 85 56
50 49 Inf 39 27 17 10 16 8 Inf
143 70 72 99 69 47 Inf Inf Inf 37
19 Inf 11 14 15 2 Inf Inf 11 2
54 Inf Inf 50 40 39 50 Inf 7 33
50 36 Inf Inf 25 Inf 30 18 11 30
40 22 24 5 8 Inf 7 35 Inf 11
73 55 5 30 28 58 Inf 46 66 Inf
12 3 8 Inf 1 Inf 9 Inf Inf Inf
152 127 Inf 66 114 Inf Inf Inf 39 97
42 3 11 Inf 26 1 21 Inf 19 27
45 Inf 2 Inf 10 3 37 40 2 45
74 26 15 67 61 31 29 Inf 39 Inf
26 6 5 20 Inf 15 21 11 8 3
11 Inf Inf 4 8 1 1 2 10 Inf
31 27 Inf 23 6 29 21 8 Inf 11
50 25 Inf 15 3 Inf 2 37 Inf Inf
102 3 16 90 15 56 69 Inf Inf 67
46 1 11 Inf Inf Inf 26 Inf 46 41
35 Inf 14 Inf 1 19 12 29 7 29
40 16 31 19 37 14 18 6 Inf 38
2 1 1 1 Inf 2 1 2 1 2
1 Inf 1 1 1 1 1 1 1 1
3 3 1 3 1 Inf 1 2 1 3
13 Inf Inf Inf 8 Inf 1 Inf 13 Inf
16 12 11 Inf 1 3 5 12 12 Inf
25 19 4 Inf Inf 3 1 Inf Inf 22
21 9 1 9 8 12 Inf 11 5 4
43 30 16 37 10 21 9 21 1 Inf
30 14 11 8 12 8 23 30 1 9
83 13 73 19 Inf 31 Inf Inf 34 57
89 83 70 5 51 15 35 15 Inf 15
56 55 19 Inf 35 Inf 40 Inf 8 Inf
59 15 Inf Inf 30 34 49 34 25 23
43 23 17 19 19 30 22 39 33 Inf
11 Inf Inf 9 11 3 Inf 1 8 3
26 17 5 12 8 19 Inf Inf 14 Inf
44 5 Inf Inf 13 Inf 23 21 44 37
121 105 56 32 75 Inf 81 39 64 45
38 7 Inf Inf 15 Inf Inf 3 6 31
68 41 Inf 22 Inf Inf Inf Inf 47 48
22 17 3 16 17 Inf 4 12 17 Inf
7 7 7 4 3 Inf 5 Inf 2 7
16 2 13 Inf 10 Inf 10 9 12 16
32 1 2 31 15 10 9 Inf Inf Inf
25 4 18 9 20 10 1 1 24 13
27 11 7 11 3 6 Inf 21 20 23
156 155 Inf 25 128 42 64 68 31 Inf
28 7 Inf Inf 2 8 4 Inf 5 1
15 12 1 12 8 11 3 Inf 8 4
26 Inf Inf Inf 18 Inf 24 2 23 17
18 3 16 10 5 2 Inf 5 11 Inf
72 46 43 47 5 30 1 51 27 18
23 Inf 14 12 14 16 Inf 2 23 21
27 Inf 13 14 4 8 7 Inf 19 Inf
1 2
1 41
1 69
1 70
2 3
3 4
3 68
4 6
4 7
5 6
5 24
5 30
6 8
7 8
8 12
9 10
10 11
11 12
12 13
12 14
13 23
14 23
15 16
16 17
16 18
17 19
18 19
19 20
19 22
19 57
20 21
21 23
22 23
23 25
23 31
23 33
24 25
25 26
25 27
25 28
25 29
26 35
27 35
28 35
29 35
30 31
31 32
32 35
33 34
34 35
35 36
35 44
35 48
35 51
35 53
35 56
35 60
35 61
35 62
36 37
37 38
38 39
39 40
40 42
41 42
42 43
43 50
44 45
45 46
46 47
47 50
48 49
49 50
51 52
52 54
53 54
54 55
57 58
58 59
59 60
61 65
62 63
63 64
64 65
64 66
64 67
