70
17 1 11 12 12 34 20 25 6 21
66 Inf Inf 19 127 112 101 77 9 5
54 79 95 87 87 93 5 57 Inf 76
52 59 28 42 57 Inf 77 100 Inf 4
6 12 6 11 9 6 3 1 5 2
88 66 147 115 24 167 64 12 22 25
21 32 Inf 33 10 41 24 9 4 41
128 169 140 Inf Inf 194 187 230 11 Inf
68 35 128 8 100 12 67 25 2 77
70 43 87 25 129 14 121 21 108 73
85 114 107 81 131 54 112 161 122 114
21 17 2 19 42 30 Inf 21 24 41
134 250 71 149 26 179 73 127 169 116
135 230 14 59 186 158 240 Inf 12 42
94 37 158 47 62 124 147 176 Inf 2
90 37 7 79 7 140 156 16 64 124
50 Inf 55 25 34 28 6 14 2 62
143 100 25 61 263 262 154 75 66 118
19 Inf 3 2 7 34 1 35 21 8
54 81 50 62 Inf 23 20 64 68 3
50 70 61 1 39 73 12 64 91 49
40 16 30 Inf 74 54 55 43 Inf 64
73 90 114 46 91 75 15 27 17 79
12 22 1 15 Inf 1 1 15 5 24
152 35 1 87 Inf 229 233 279 267 29
42 52 32 Inf 9 9 45 82 50 15
45 24 13 54 70 48 Inf 16 1 80
74 12 117 6 49 127 101 19 18 26
26 6 50 11 5 18 27 48 Inf Inf
11 5 3 22 1 1 2 2 4 5
31 10 52 19 33 3 5 Inf 13 13
50 72 Inf 32 61 64 86 25 Inf 98
102 125 182 187 153 172 43 74 Inf 54
46 65 Inf 48 46 73 Inf Inf 42 76
35 60 51 42 7 50 8 5 11 Inf
40 41 29 42 73 Inf Inf 36 34 79
2 4 3 3 4 2 Inf 2 1 1
1 Inf Inf 2 2 1 2 1 2 2
3 3 5 1 2 4 2 6 4 2
13 16 1 14 Inf 7 18 11 24 18
16 Inf Inf 2 32 10 9 9 24 9
25 16 43 4 41 12 6 Inf 34 Inf
21 33 12 17 28 39 37 11 12 4
43 78 Inf 19 57 56 48 52 38 49
30 51 29 39 58 21 Inf 6 51 5
83 125 119 137 1 Inf 80 58 96 104
89 176 Inf 69 14 110 54 139 Inf 97
56 105 50 107 47 76 22 110 104 64
59 43 38 30 114 7 13 95 32 4
43 Inf 76 51 29 2 44 18 27 53
11 15 12 8 Inf 22 Inf 9 13 20
26 14 43 25 49 Inf 23 Inf 51 42
44 34 73 80 19 Inf 73 63 4 20
121 90 106 65 230 95 106 181 3 171
38 22 62 Inf 41 65 71 23 21 32
68 106 79 56 Inf 6 4 126 26 92
22 41 15 3 5 4 24 16 Inf 21
7 Inf 2 7 13 14 7 8 12 1
16 25 20 4 26 17 10 8 32 19
32 22 38 60 13 8 32 31 61 1
25 38 50 46 Inf 26 38 6 12 4
27 13 21 42 38 13 36 9 43 5
156 311 34 128 184 21 128 98 101 166
28 47 Inf 7 52 38 5 37 23 37
15 Inf Inf 21 28 21 27 29 29 26
26 18 Inf 13 44 20 22 37 28 3
18 31 32 Inf 27 1 10 26 3 36
72 48 87 63 Inf 25 121 64 36 47
23 40 38 11 26 11 Inf 9 22 37
27 10 Inf 42 Inf Inf 9 25 20 4
1 2
1 41
1 69
1 70
2 3
3 4
3 68
4 6
4 7
5 6
5 24
5 30
6 8
7 8
8 12
9 10
10 11
11 12
12 13
12 14
13 23
14 23
15 16
16 17
16 18
17 19
18 19
19 20
19 22
19 57
20 21
21 23
22 23
23 25
23 31
23 33
24 25
25 26
25 27
25 28
25 29
26 35
27 35
28 35
29 35
30 31
31 32
32 35
33 34
34 35
35 36
35 44
35 48
35 51
35 53
35 56
35 60
35 61
35 62
36 37
37 38
38 39
39 40
40 42
41 42
42 43
43 50
44 45
45 46
46 47
47 50
48 49
49 50
51 52
52 54
53 54
54 55
57 58
58 59
59 60
61 65
62 63
63 64
64 65
64 66
64 67
