70
17 9 1 3 16 18 23 Inf 26 Inf
66 107 88 Inf 101 28 52 3 Inf 64
54 87 103 34 Inf Inf 16 31 90 95
52 Inf 7 Inf 55 44 33 104 78 Inf
6 9 Inf 11 11 5 6 3 4 Inf
88 39 43 70 147 35 Inf 91 11 38
21 10 38 15 2 23 Inf Inf 13 13
128 Inf 216 4 Inf 241 Inf 110 24 Inf
68 114 8 41 9 91 23 91 31 26
70 12 90 28 89 40 Inf 80 17 63
85 8 117 6 29 52 158 62 124 68
21 11 17 3 24 41 16 41 27 39
134 116 56 173 41 110 43 23 128 84
135 218 130 128 94 179 41 69 179 154
94 8 118 143 49 Inf 74 94 73 81
90 60 157 26 66 Inf 131 80 74 130
50 94 Inf 72 20 2 45 73 30 89
143 6 156 Inf 261 38 245 128 164 67
19 7 Inf 18 36 27 8 27 8 27
54 28 46 54 103 32 43 51 18 60
50 29 7 74 10 49 40 27 54 Inf
40 10 80 10 78 40 2 66 10 29
73 50 133 69 13 Inf Inf 43 24 7
12 11 6 3 Inf 17 2 15 7 7
152 84 174 53 38 231 102 19 Inf 60
42 21 13 30 18 14 66 80 8 13
45 78 42 19 57 52 43 4 77 Inf
74 6 130 96 Inf 60 3 104 127 109
26 20 3 17 6 23 Inf Inf 4 43
11 22 22 Inf 4 8 18 5 22 16
31 11 17 1 26 32 47 24 9 Inf
50 66 28 57 45 63 91 89 8 51
102 42 106 114 38 198 21 191 193 159
46 29 87 76 39 Inf 64 15 3 73
35 9 54 Inf 66 39 44 25 42 70
40 32 27 23 71 26 11 64 9 57
2 Inf 2 4 3 1 4 4 1 1
1 1 1 1 1 1 1 1 2 1
3 3 5 Inf 2 1 4 5 6 1
13 24 1 2 5 9 3 5 Inf 15
16 15 23 6 29 3 18 6 24 11
25 16 39 15 6 39 21 47 38 42
21 19 5 11 Inf 5 30 32 14 5
43 2 14 62 Inf 32 42 36 53 73
30 58 57 21 36 Inf 51 42 52 6
83 Inf 130 1 159 161 91 27 Inf 166
89 25 Inf 157 14 151 6 28 26 175
56 36 Inf 4 100 108 95 Inf 50 74
59 Inf 17 Inf 109 Inf 60 73 116 23
43 13 42 34 37 50 79 79 25 11
11 3 19 11 13 14 7 8 22 4
26 50 13 7 51 11 15 8 Inf 1
44 62 64 75 47 28 76 60 29 32
121 11 120 210 188 31 183 153 193 176
38 35 63 12 Inf 6 67 2 68 29
68 120 39 4 45 27 71 76 79 134
22 4 13 7 38 22 6 19 7 31
7 13 3 3 14 1 4 11 6 12
16 2 6 23 12 23 30 23 24 Inf
32 48 42 14 48 48 57 12 4 60
25 45 21 14 Inf 6 21 50 34 40
27 Inf 35 31 7 2 4 49 37 40
156 42 96 268 1 86 132 107 88 53
28 Inf 53 56 40 42 29 38 3 18
15 29 5 18 5 17 1 3 27 16
26 51 20 42 25 28 52 14 11 34
18 7 13 20 26 3 21 14 8 8
72 39 Inf 72 Inf 109 22 Inf 115 142
23 2 5 5 9 Inf 21 38 29 32
27 10 Inf Inf 5 14 47 39 43 44
1 2
1 41
1 69
1 70
2 3
3 4
3 68
4 6
4 7
5 6
5 24
5 30
6 8
7 8
8 12
9 10
10 11
11 12
12 13
12 14
13 23
14 23
15 16
16 17
16 18
17 19
18 19
19 20
19 22
19 57
20 21
21 23
22 23
23 25
23 31
23 33
24 25
25 26
25 27
25 28
25 29
26 35
27 35
28 35
29 35
30 31
31 32
32 35
33 34
34 35
35 36
35 44
35 48
35 51
35 53
35 56
35 60
35 61
35 62
36 37
37 38
38 39
39 40
40 42
41 42
42 43
43 50
44 45
45 46
46 47
47 50
48 49
49 50
51 52
52 54
53 54
54 55
57 58
58 59
59 60
61 65
62 63
63 64
64 65
64 66
64 67
