70
17 19 3 7 1 32 23 4 21 24
66 82 Inf 24 9 101 4 51 111 10
54 52 24 Inf 12 40 27 73 58 Inf
52 65 6 38 Inf 81 86 67 2 45
6 12 3 1 5 Inf 6 11 3 3
88 153 100 Inf 101 108 149 14 20 105
21 17 26 12 3 10 33 39 3 19
128 54 41 6 Inf Inf Inf 37 144 Inf
68 71 1 67 95 60 119 64 37 55
70 15 73 38 11 33 Inf 49 68 36
85 95 21 152 109 Inf 57 54 31 88
21 24 2 Inf 39 Inf 6 3 39 8
134 142 237 3 204 171 15 1 32 11
135 Inf 231 103 Inf 134 71 172 171 86
94 77 33 Inf 32 153 95 50 8 100
90 21 Inf 68 3 165 170 136 136 92
50 93 61 33 88 4 19 95 51 Inf
143 96 19 127 Inf 58 29 Inf 75 111
19 33 26 27 22 1 5 33 29 13
54 41 54 64 46 60 2 77 75 64
50 56 27 69 62 57 41 32 27 11
40 62 21 65 7 13 9 16 33 Inf
73 10 64 122 138 106 19 94 142 99
12 1 14 13 21 19 12 19 8 Inf
152 211 214 2 237 141 266 295 254 Inf
42 15 60 15 66 37 84 38 41 40
45 3 7 83 25 63 37 Inf 46 30
74 74 1 15 Inf 104 43 Inf 30 105
26 6 52 4 10 23 26 7 24 44
11 21 11 3 2 8 13 2 2 2
31 Inf 24 11 1 8 1 29 22 41
50 Inf Inf 57 35 15 78 95 46 54
102 59 99 12 Inf 5 176 34 171 96
46 38 44 69 29 72 14 65 19 Inf
35 63 24 44 11 4 52 34 3 Inf
40 33 Inf 20 57 37 51 40 34 2
2 1 1 2 2 2 1 3 1 2
1 2 Inf 1 1 Inf 2 1 2 2
3 3 4 4 5 Inf 2 3 2 3
13 12 Inf 6 24 Inf 26 3 4 4
16 31 16 6 Inf 7 13 19 9 11
25 47 32 5 47 50 13 5 Inf 44
21 18 Inf 31 28 11 22 11 41 28
43 32 16 51 42 28 Inf 7 35 28
30 5 16 6 57 6 5 17 Inf 26
83 135 121 136 Inf 29 140 42 143 139
89 6 164 152 Inf 28 132 22 136 2
56 27 90 104 92 111 71 107 16 3
59 10 81 114 32 116 24 21 107 31
43 15 60 13 15 23 28 82 3 23
11 13 12 3 12 10 13 21 5 1
26 21 1 10 44 34 36 11 22 34
44 39 52 10 16 31 29 59 18 58
121 188 188 22 60 199 71 45 134 89
38 27 1 14 6 9 3 44 Inf 48
68 113 88 114 18 80 5 5 92 Inf
22 27 37 6 30 10 38 42 17 36
7 9 2 3 4 14 3 3 8 7
16 14 6 Inf 8 6 14 29 6 28
32 3 40 36 7 4 35 43 Inf Inf
25 Inf 5 2 17 24 27 41 2 26
27 27 27 45 Inf 38 2 17 21 42
156 283 239 49 Inf 173 24 46 198 172
28 21 17 43 9 41 54 28 Inf 13
15 23 5 7 27 14 28 1 Inf 14
26 39 15 22 33 40 50 50 44 35
18 3 8 8 36 29 20 9 Inf 3
72 99 67 130 125 4 133 94 62 Inf
23 Inf 33 Inf Inf 32 20 12 13 2
27 9 3 28 27 9 42 Inf 16 39
1 2
1 41
1 69
1 70
2 3
3 4
3 68
4 6
4 7
5 6
5 24
5 30
6 8
7 8
8 12
9 10
10 11
11 12
12 13
12 14
13 23
14 23
15 16
16 17
16 18
17 19
18 19
19 20
19 22
19 57
20 21
21 23
22 23
23 25
23 31
23 33
24 25
25 26
25 27
25 28
25 29
26 35
27 35
28 35
29 35
30 31
31 32
32 35
33 34
34 35
35 36
35 44
35 48
35 51
35 53
35 56
35 60
35 61
35 62
36 37
37 38
38 39
39 40
40 42
41 42
42 43
43 50
44 45
45 46
46 47
47 50
48 49
49 50
51 52
52 54
53 54
54 55
57 58
58 59
59 60
61 65
62 63
63 64
64 65
64 66
64 67
