70
17 24 27 27 17 10 2 20 9 13
66 40 102 15 Inf Inf 25 30 45 2
54 76 55 93 94 37 29 31 8 27
52 88 27 15 27 Inf 4 33 19 76
6 4 3 Inf 12 2 4 10 8 10
88 122 150 50 25 141 22 89 59 119
21 35 20 17 6 5 21 8 23 34
128 106 107 155 170 84 247 Inf 237 112
68 110 36 73 Inf 83 88 49 28 Inf
70 58 129 21 81 36 Inf 9 Inf 58
85 76 Inf 25 Inf 4 151 Inf 32 83
21 Inf 8 20 2 14 10 9 9 9
134 258 67 149 Inf 6 51 188 Inf 105
135 144 11 266 222 20 228 239 17 191
94 34 188 150 44 15 14 27 84 142
90 60 80 39 118 170 147 168 7 Inf
50 40 14 72 42 68 34 76 27 70
143 232 117 7 Inf 20 163 50 129 157
19 30 33 27 28 3 13 7 17 3
54 55 61 22 72 9 66 94 62 Inf
50 96 59 18 28 11 40 Inf 58 82
40 Inf 56 4 36 3 60 Inf 42 2
73 47 114 21 Inf 82 30 140 70 69
12 22 Inf 21 6 17 4 Inf 18 22
152 51 285 224 Inf 49 251 41 144 173
42 66 65 Inf 47 61 6 45 24 9
45 6 42 Inf 26 39 13 Inf 85 81
74 132 69 47 3 26 130 72 134 73
26 36 27 7 43 36 21 14 30 33
11 19 22 2 16 18 9 13 Inf 1
31 1 14 7 39 14 9 Inf 51 45
50 47 7 Inf 59 22 97 34 51 Inf
102 120 202 64 203 Inf 154 Inf 101 97
46 29 73 1 76 Inf 58 Inf 13 48
35 Inf 55 10 1 27 30 52 Inf 38
40 66 31 51 20 16 Inf 35 5 35
2 3 4 3 Inf 3 Inf 1 2 Inf
1 2 2 1 1 1 1 1 2 1
3 3 Inf 5 1 3 6 1 3 Inf
13 Inf 23 15 15 19 23 1 9 13
16 3 23 23 Inf 29 12 2 Inf 10
25 50 39 8 22 Inf 38 21 37 35
21 39 9 Inf Inf 37 Inf 37 22 1
43 Inf 84 63 Inf 58 70 Inf 84 24
30 Inf 41 2 Inf 11 55 27 11 39
83 44 77 140 Inf 88 4 16 30 104
89 54 9 121 154 126 20 Inf 88 62
56 44 96 14 73 76 Inf 67 26 38
59 27 85 Inf 82 65 103 79 16 58
43 27 41 52 34 64 22 8 40 Inf
11 12 4 4 1 Inf 19 1 13 Inf
26 8 48 14 6 29 8 8 14 47
44 29 20 48 66 5 38 56 27 72
121 40 8 Inf 101 5 210 32 68 233
38 18 34 76 73 6 50 Inf 15 51
68 135 72 112 4 79 69 110 25 24
22 15 Inf 4 20 17 10 7 2 12
7 8 8 2 6 1 12 Inf 1 1
16 28 22 2 4 Inf 19 26 15 29
32 32 62 40 Inf 57 45 26 42 11
25 21 22 Inf 8 34 7 11 22 13
27 9 44 13 15 16 47 11 10 51
156 Inf Inf 171 126 54 231 303 129 84
28 6 50 24 Inf 39 46 33 21 15
15 11 29 14 7 Inf 25 2 1 2
26 17 9 Inf 22 35 43 11 10 49
18 6 28 25 7 10 20 26 21 35
72 129 Inf 28 80 7 113 82 Inf Inf
23 5 6 26 15 14 4 20 36 Inf
27 30 Inf 37 34 7 23 21 51 23
1 2
1 41
1 69
1 70
2 3
3 4
3 68
4 6
4 7
5 6
5 24
5 30
6 8
7 8
8 12
9 10
10 11
11 12
12 13
12 14
13 23
14 23
15 16
16 17
16 18
17 19
18 19
19 20
19 22
19 57
20 21
21 23
22 23
23 25
23 31
23 33
24 25
25 26
25 27
25 28
25 29
26 35
27 35
28 35
29 35
30 31
31 32
32 35
33 34
34 35
35 36
35 44
35 48
35 51
35 53
35 56
35 60
35 61
35 62
36 37
37 38
38 39
39 40
40 42
41 42
42 43
43 50
44 45
45 46
46 47
47 50
48 49
49 50
51 52
52 54
53 54
54 55
57 58
58 59
59 60
61 65
62 63
63 64
64 65
64 66
64 67
