70
17 10 6 31 Inf 4 Inf Inf 20 15
66 79 113 54 14 16 117 107 128 80
54 56 91 Inf 34 58 106 82 Inf 24
52 25 23 34 3 Inf Inf Inf 15 32
6 9 5 Inf 6 5 5 1 Inf Inf
88 79 92 1 1 48 116 149 117 11
21 1 21 Inf 35 15 Inf Inf 18 4
128 222 36 132 79 129 212 203 148 171
68 14 48 42 36 133 Inf 9 36 116
70 135 140 57 Inf 75 75 71 94 50
85 112 35 91 19 116 Inf 94 157 58
21 19 4 Inf 2 40 19 14 26 42
134 73 201 61 34 255 97 119 Inf 264
135 259 209 218 11 262 210 182 168 Inf
94 72 39 45 29 78 161 93 9 111
90 108 117 63 155 113 115 165 116 32
50 49 39 56 97 46 12 95 55 35
143 1 112 139 276 94 97 238 29 145
19 7 34 7 28 22 6 22 33 Inf
54 49 93 92 80 26 21 18 28 23
50 28 96 Inf 23 1 98 83 100 90
40 32 Inf Inf 41 74 45 3 57 32
73 136 97 20 129 44 90 119 Inf 87
12 Inf 10 11 20 9 7 6 5 14
152 98 155 147 278 202 53 78 80 196
42 12 39 21 39 56 56 8 20 Inf
45 38 20 11 36 18 71 86 46 14
74 42 102 103 23 114 105 Inf 38 23
26 46 25 33 43 2 43 4 52 10
11 1 1 2 2 12 12 20 9 Inf
31 56 Inf 40 26 Inf 57 20 37 33
50 2 65 44 55 15 79 30 13 87
102 86 112 11 27 107 75 Inf 106 49
46 56 8 63 19 80 12 50 3 64
35 1 62 27 27 31 44 8 68 67
40 43 80 16 21 48 27 78 47 21
2 3 1 1 4 4 3 3 3 3
1 1 1 Inf Inf Inf 2 2 2 1
3 3 Inf 4 3 6 2 3 6 4
13 Inf 13 4 1 25 21 1 2 5
16 4 32 5 8 18 29 31 16 7
25 14 46 42 39 47 50 6 50 4
21 42 33 6 10 16 Inf 8 Inf 6
43 44 35 63 74 Inf 54 4 3 58
30 Inf 28 20 27 39 Inf 5 Inf 53
83 26 38 Inf 146 132 150 120 32 149
89 10 31 19 110 175 142 77 152 136
56 55 41 98 47 107 31 50 71 47
59 4 98 19 95 90 33 59 46 106
43 64 Inf 41 86 65 20 27 9 16
11 8 19 11 14 1 7 13 18 1
26 50 10 2 36 8 38 Inf Inf 13
44 62 69 48 24 8 7 13 25 45
121 56 16 Inf Inf 30 62 190 141 51
38 68 61 60 42 59 18 23 73 13
68 103 36 85 91 85 27 85 30 7
22 39 3 10 Inf 40 32 36 22 27
7 Inf Inf 10 2 2 Inf 8 4 13
16 4 8 3 13 23 17 15 Inf 1
32 4 Inf 38 18 39 64 3 27 58
25 7 5 33 28 20 34 10 29 21
27 31 32 31 9 31 29 11 3 5
156 241 255 47 Inf 64 68 251 278 266
28 56 9 45 5 43 32 Inf Inf 18
15 15 7 1 1 16 Inf Inf 13 26
26 34 48 45 Inf 26 22 Inf 36 4
18 10 15 Inf 2 15 14 4 9 32
72 Inf 98 99 Inf 8 15 12 16 Inf
23 3 7 Inf 38 35 37 35 9 18
27 3 34 43 42 Inf 21 8 25 1
1 2
1 41
1 69
1 70
2 3
3 4
3 68
4 6
4 7
5 6
5 24
5 30
6 8
7 8
8 12
9 10
10 11
11 12
12 13
12 14
13 23
14 23
15 16
16 17
16 18
17 19
18 19
19 20
19 22
19 57
20 21
21 23
22 23
23 25
23 31
23 33
24 25
25 26
25 27
25 28
25 29
26 35
27 35
28 35
29 35
30 31
31 32
32 35
33 34
34 35
35 36
35 44
35 48
35 51
35 53
35 56
35 60
35 61
35 62
36 37
37 38
38 39
39 40
40 42
41 42
42 43
43 50
44 45
45 46
46 47
47 50
48 49
49 50
51 52
52 54
53 54
54 55
57 58
58 59
59 60
61 65
62 63
63 64
64 65
64 66
64 67
