70
17 3 Inf 19 2 6 30 4 6 7
66 130 38 117 62 84 107 7 83 10
54 87 62 24 24 27 24 80 93 64
52 67 87 75 43 85 66 65 23 70
6 4 3 11 8 11 12 3 12 8
88 70 72 54 170 Inf 105 40 14 112
21 31 1 Inf Inf 26 17 35 Inf 13
128 43 45 Inf 211 22 63 167 119 Inf
68 129 110 5 83 123 42 121 94 8
70 12 51 39 29 62 113 113 Inf 7
85 1 134 56 134 71 Inf 34 13 Inf
21 8 Inf 14 10 Inf 6 8 14 21
134 24 130 240 141 9 Inf Inf 188 Inf
135 165 265 109 71 151 133 25 152 24
94 Inf Inf 154 19 46 Inf 94 95 141
90 99 85 Inf 128 177 169 75 32 155
50 Inf 38 60 3 63 89 Inf 17 63
143 121 202 21 228 81 243 234 227 57
19 30 25 32 Inf 11 Inf 34 11 5
54 39 59 7 42 1 61 18 96 55
50 59 52 29 Inf 46 Inf 65 58 23
40 48 75 27 79 71 70 68 78 65
73 18 27 45 110 56 82 133 52 80
12 12 16 7 1 16 3 23 16 Inf
152 39 222 65 21 260 179 179 53 38
42 2 Inf 2 27 22 10 64 18 20
45 83 31 79 23 29 11 48 82 57
74 72 106 Inf 11 147 9 2 20 101
26 46 50 1 25 33 50 12 22 Inf
11 21 1 8 Inf 15 13 14 4 12
31 28 29 11 28 11 Inf 17 Inf 31
50 47 60 44 4 34 84 54 7 82
102 89 56 132 183 189 111 131 Inf 141
46 75 70 42 13 89 78 32 Inf 78
35 18 65 19 55 66 54 33 26 14
40 57 32 1 74 50 Inf 4 64 Inf
2 3 4 2 4 2 2 1 3 2
1 2 2 1 1 1 2 1 Inf Inf
3 1 4 1 5 6 Inf 1 3 3
13 6 12 19 4 3 13 Inf 8 22
16 23 15 5 18 22 2 27 29 Inf
25 23 50 5 43 32 30 38 48 Inf
21 27 9 Inf Inf 33 31 10 21 6
43 61 9 9 Inf Inf 52 85 30 43
30 22 34 7 22 Inf 14 46 11 Inf
83 23 4 12 104 20 135 155 32 145
89 148 6 12 14 5 Inf 96 68 34
56 30 Inf 55 39 19 13 69 51 13
59 75 86 78 17 96 78 110 37 56
43 29 20 64 70 47 43 85 8 62
11 6 13 Inf 14 16 Inf 10 Inf 6
26 36 51 13 48 6 21 30 12 Inf
44 Inf 72 Inf 74 74 28 7 11 21
121 6 38 44 13 27 150 172 182 34
38 18 9 63 28 52 27 3 24 10
68 69 31 60 4 7 101 94 10 126
22 Inf 20 35 40 17 11 Inf 14 4
7 7 7 9 4 4 2 Inf 9 3
16 1 12 16 27 28 16 8 7 1
32 50 22 12 35 13 Inf 11 17 35
25 41 4 42 8 32 28 8 11 9
27 22 47 46 18 45 22 Inf 13 Inf
156 Inf Inf 89 98 104 210 221 32 60
28 13 23 24 14 12 25 Inf 50 36
15 26 Inf 16 30 7 15 25 4 13
26 31 35 3 25 52 42 Inf 17 47
18 34 14 11 23 17 24 10 25 33
72 113 38 17 106 123 34 25 25 Inf
23 19 12 Inf 5 Inf 29 Inf 12 15
27 28 23 41 19 6 36 16 18 16
1 2
1 41
1 69
1 70
2 3
3 4
3 68
4 6
4 7
5 6
5 24
5 30
6 8
7 8
8 12
9 10
10 11
11 12
12 13
12 14
13 23
14 23
15 16
16 17
16 18
17 19
18 19
19 20
19 22
19 57
20 21
21 23
22 23
23 25
23 31
23 33
24 25
25 26
25 27
25 28
25 29
26 35
27 35
28 35
29 35
30 31
31 32
32 35
33 34
34 35
35 36
35 44
35 48
35 51
35 53
35 56
35 60
35 61
35 62
36 37
37 38
38 39
39 40
40 42
41 42
42 43
43 50
44 45
45 46
46 47
47 50
48 49
49 50
51 52
52 54
53 54
54 55
57 58
58 59
59 60
61 65
62 63
63 64
64 65
64 66
64 67
