70
17 15 25 27 11 33 33 26 5 20
66 Inf 20 122 30 53 4 Inf 53 16
54 23 Inf 54 97 4 59 97 14 63
52 10 Inf 54 Inf 27 26 10 45 35
6 1 5 Inf 7 4 12 2 12 Inf
88 127 138 20 157 17 106 85 104 49
21 8 21 26 Inf 4 35 Inf 32 9
128 88 247 11 132 219 48 189 57 208
68 5 114 26 9 10 33 1 Inf Inf
70 94 36 11 77 86 68 20 83 31
85 6 17 73 86 24 124 127 Inf 140
21 37 Inf 40 29 42 16 38 9 17
134 12 154 174 13 162 7 Inf 118 100
135 Inf 87 162 57 79 55 185 106 13
94 Inf 124 122 21 115 148 184 19 34
90 5 16 99 172 1 107 46 Inf Inf
50 68 Inf 26 22 34 6 43 91 49
143 53 22 186 95 256 198 248 33 122
19 26 2 38 38 1 Inf 17 4 37
54 53 23 17 36 50 25 29 33 105
50 16 Inf 91 92 35 20 Inf 96 12
40 3 76 49 16 33 60 Inf 24 Inf
73 99 105 132 75 126 30 85 40 96
12 11 Inf 24 11 4 9 2 Inf 23
152 81 122 74 286 210 78 60 19 239
42 60 37 12 67 45 12 53 28 Inf
45 56 66 42 Inf 40 41 18 26 55
74 12 66 10 147 123 Inf Inf 115 18
26 10 15 41 16 Inf 31 10 28 11
11 2 8 16 21 9 20 9 Inf 19
31 62 55 12 36 Inf 57 Inf 40 27
50 62 83 63 23 28 30 88 27 97
102 131 199 69 14 93 Inf 163 114 46
46 Inf 15 11 80 44 29 38 Inf 28
35 27 17 23 36 14 50 61 52 63
40 Inf 11 4 16 Inf 10 68 49 10
2 3 3 2 1 Inf 3 2 3 2
1 2 1 Inf 2 Inf 2 1 1 2
3 1 2 2 3 5 1 6 Inf 6
13 11 Inf 4 2 4 20 21 24 6
16 Inf 16 1 14 Inf 11 9 23 30
25 48 8 24 1 Inf 15 21 29 11
21 1 16 Inf 39 23 39 4 36 42
43 6 39 51 62 50 27 15 63 Inf
30 35 44 Inf 49 10 26 59 52 50
83 49 1 75 148 158 163 79 141 66
89 112 140 139 25 160 15 41 67 85
56 3 Inf 74 75 8 Inf 102 45 51
59 2 19 Inf 29 4 Inf 52 68 49
43 2 33 81 5 39 38 26 84 3
11 1 3 2 1 Inf 5 Inf 15 5
26 9 35 Inf Inf Inf 34 13 Inf 43
44 37 Inf 27 72 38 17 37 10 10
121 105 Inf 45 22 107 57 Inf 90 237
38 Inf 3 Inf 39 Inf Inf 2 2 64
68 5 7 55 Inf 116 Inf 113 96 41
22 26 3 18 29 3 22 41 Inf Inf
7 5 11 Inf 10 2 4 2 7 9
16 5 31 12 3 19 2 18 7 19
32 36 43 18 7 5 40 8 1 31
25 48 Inf 14 14 Inf 35 17 30 14
27 50 1 21 Inf 14 39 Inf Inf 52
156 32 Inf 201 104 273 152 250 95 44
28 56 12 15 5 15 47 3 21 11
15 29 Inf 1 4 29 6 Inf 30 12
26 32 4 39 8 46 17 10 51 34
18 Inf 5 4 16 11 3 4 25 1
72 88 Inf 6 Inf 127 Inf 121 126 94
23 40 34 42 Inf 17 25 2 29 16
27 1 20 22 28 9 9 25 17 5
1 2
1 41
1 69
1 70
2 3
3 4
3 68
4 6
4 7
5 6
5 24
5 30
6 8
7 8
8 12
9 10
10 11
11 12
12 13
12 14
13 23
14 23
15 16
16 17
16 18
17 19
18 19
19 20
19 22
19 57
20 21
21 23
22 23
23 25
23 31
23 33
24 25
25 26
25 27
25 28
25 29
26 35
27 35
28 35
29 35
30 31
31 32
32 35
33 34
34 35
35 36
35 44
35 48
35 51
35 53
35 56
35 60
35 61
35 62
36 37
37 38
38 39
39 40
40 42
41 42
42 43
43 50
44 45
45 46
46 47
47 50
48 49
49 50
51 52
52 54
53 54
54 55
57 58
58 59
59 60
61 65
62 63
63 64
64 65
64 66
64 67
