70
17 32 25 7 19 22 17 30 Inf 12
66 22 13 109 80 36 100 11 35 82
54 46 19 73 29 14 67 88 8 91
52 11 57 100 23 54 23 48 55 9
6 2 3 11 1 11 8 12 5 7
88 49 Inf 49 159 76 126 99 89 50
21 13 1 28 Inf 10 22 8 39 13
128 117 139 235 55 Inf 134 211 175 124
68 63 62 106 51 102 8 82 46 101
70 55 61 93 129 2 73 44 92 48
85 Inf 80 25 Inf 16 Inf 157 104 92
21 22 12 Inf 38 38 12 31 28 Inf
134 252 211 51 150 91 19 Inf 142 32
135 Inf 228 148 15 1 Inf 43 135 58
94 144 185 33 123 167 42 180 103 16
90 41 Inf 129 76 134 155 72 180 94
50 61 70 32 57 23 55 12 54 18
143 Inf 207 113 171 5 198 72 Inf 104
19 Inf 13 9 Inf Inf 11 35 7 19
54 30 14 69 102 Inf 11 Inf 87 10
50 29 2 22 16 73 55 98 19 79
40 63 61 18 48 Inf 52 58 52 69
73 85 2 Inf 49 134 63 28 Inf 108
12 16 5 22 19 20 4 19 18 3
152 222 63 17 110 266 219 24 5 264
42 9 39 28 76 27 83 82 36 33
45 79 Inf 60 77 Inf 39 88 Inf 75
74 107 Inf 42 Inf 127 25 15 Inf Inf
26 40 20 42 25 36 30 19 16 30
11 2 22 19 11 4 Inf 2 16 15
31 21 53 51 Inf 26 Inf 4 2 Inf
50 36 Inf 58 71 30 95 96 5 71
102 158 42 136 173 Inf 82 Inf 204 80
46 70 90 69 89 58 4 13 53 52
35 28 6 52 30 24 35 38 Inf 41
40 49 29 60 56 24 41 77 38 Inf
2 Inf 3 3 3 1 4 2 1 1
1 1 2 1 2 2 2 1 2 1
3 5 Inf 2 1 4 1 4 Inf 6
13 24 10 Inf 2 Inf 3 19 Inf 24
16 Inf 13 31 29 9 9 14 27 7
25 14 32 4 48 46 Inf 45 Inf 32
21 13 24 25 38 28 Inf 29 Inf 5
43 38 60 21 62 65 9 33 50 3
30 8 20 16 35 36 23 57 Inf 50
83 32 63 4 20 39 Inf 125 138 123
89 42 22 170 134 Inf 149 101 Inf 139
56 66 57 74 75 Inf 3 54 Inf 10
59 62 13 52 22 42 88 51 10 41
43 9 70 Inf Inf 50 Inf 38 23 22
11 Inf 4 13 16 3 15 14 1 6
26 25 50 20 33 12 35 7 31 48
44 56 Inf 60 28 57 3 38 36 27
121 11 10 168 149 Inf 209 212 28 124
38 41 42 46 51 43 Inf 56 Inf 4
68 Inf 114 82 33 10 22 Inf 59 83
22 44 Inf 24 6 11 12 12 28 6
7 9 12 3 Inf 1 Inf 13 10 6
16 19 28 2 1 24 21 13 6 19
32 4 22 30 53 15 Inf 4 Inf 64
25 10 44 25 9 Inf 35 Inf 49 14
27 13 37 45 12 5 43 50 44 8
156 Inf 70 62 43 56 289 114 Inf 57
28 18 20 13 20 50 34 54 12 35
15 Inf 21 Inf 14 18 Inf 7 30 24
26 16 Inf Inf 48 13 44 19 Inf 16
18 19 13 14 12 33 22 34 16 33
72 Inf 66 31 133 54 Inf 61 78 9
23 8 20 22 24 12 22 10 30 12
27 18 48 13 28 21 8 22 21 2
1 2
1 41
1 69
1 70
2 3
3 4
3 68
4 6
4 7
5 6
5 24
5 30
6 8
7 8
8 12
9 10
10 11
11 12
12 13
12 14
13 23
14 23
15 16
16 17
16 18
17 19
18 19
19 20
19 22
19 57
20 21
21 23
22 23
23 25
23 31
23 33
24 25
25 26
25 27
25 28
25 29
26 35
27 35
28 35
29 35
30 31
31 32
32 35
33 34
34 35
35 36
35 44
35 48
35 51
35 53
35 56
35 60
35 61
35 62
36 37
37 38
38 39
39 40
40 42
41 42
42 43
43 50
44 45
45 46
46 47
47 50
48 49
49 50
51 52
52 54
53 54
54 55
57 58
58 59
59 60
61 65
62 63
63 64
64 65
64 66
64 67
