70
17 16 18 21 23 24 21 32 6 29
66 96 126 Inf 127 Inf 46 Inf 127 69
54 41 44 103 23 28 57 78 28 24
52 20 57 2 26 65 14 76 Inf 27
6 1 12 7 4 4 8 11 Inf 9
88 Inf 11 145 167 114 6 Inf 51 93
21 1 Inf 31 3 35 19 24 11 19
128 123 24 184 202 58 112 125 45 Inf
68 33 106 20 34 70 Inf 83 114 2
70 6 Inf 77 4 45 69 87 124 46
85 165 114 18 41 67 23 7 29 57
21 39 Inf 10 28 16 19 7 35 13
134 85 237 249 246 100 14 166 1 Inf
135 209 17 248 33 263 129 116 82 155
94 53 1 54 48 49 60 1 36 114
90 17 115 12 124 91 95 33 59 139
50 90 12 20 38 34 89 Inf 55 Inf
143 116 284 192 100 270 224 172 276 Inf
19 23 31 1 36 21 9 15 34 3
54 70 18 51 80 78 58 2 Inf 41
50 13 Inf 11 80 15 55 8 71 81
40 10 9 29 10 19 Inf Inf 23 73
73 Inf 6 121 22 68 19 129 49 29
12 1 4 19 10 7 1 8 16 19
152 169 Inf 193 229 46 17 119 233 265
42 Inf 67 83 79 Inf Inf 3 7 25
45 84 64 38 27 83 88 20 35 34
74 Inf 71 8 19 70 3 50 142 59
26 12 28 20 14 43 34 34 4 36
11 13 12 1 14 Inf 6 18 16 5
31 12 36 5 5 23 Inf 17 18 60
50 30 9 Inf 23 85 95 51 19 37
102 Inf 41 47 125 88 Inf 146 74 186
46 67 71 78 49 92 90 39 88 16
35 16 48 6 15 56 69 58 64 32
40 12 13 Inf 25 Inf 17 Inf 19 16
2 Inf 2 4 1 2 3 1 Inf Inf
1 1 Inf 1 Inf 1 2 Inf 1 2
3 3 Inf 4 Inf 1 4 Inf 5 6
13 5 3 26 7 9 10 10 18 11
16 Inf 23 6 6 3 26 3 26 8
25 24 38 6 Inf 22 20 39 Inf 42
21 8 34 13 22 26 3 Inf 4 42
43 72 62 22 Inf 75 Inf 23 80 Inf
30 Inf 53 11 39 28 12 Inf Inf 57
83 32 Inf Inf Inf 31 100 112 1 Inf
89 71 27 122 111 Inf 41 84 19 1
56 23 17 Inf 25 Inf Inf 67 112 99
59 102 39 Inf 106 66 22 102 72 Inf
43 9 17 62 48 80 23 Inf 51 19
11 22 Inf 14 9 1 12 19 20 10
26 14 Inf 43 44 48 40 44 13 8
44 38 84 70 60 1 60 29 15 12
121 78 185 198 40 164 Inf 171 81 227
38 Inf 37 66 29 60 Inf 20 Inf 69
68 Inf 49 75 134 19 1 17 87 31
22 6 6 5 14 15 21 42 Inf 8
7 1 12 12 5 7 5 3 10 12
16 20 7 13 15 8 7 26 5 2
32 53 5 17 53 41 24 18 40 24
25 16 1 33 9 2 22 7 Inf 6
27 Inf 20 54 3 24 51 30 11 Inf
156 237 15 245 224 192 296 14 143 214
28 36 4 35 55 52 13 3 52 45
15 Inf 5 16 22 10 20 4 1 Inf
26 23 16 50 Inf 36 4 Inf 8 21
18 32 2 27 29 9 23 9 1 29
72 95 37 32 46 100 115 107 137 117
23 24 40 4 21 9 3 46 29 9
27 48 44 Inf 6 45 1 Inf 45 21
1 2
1 41
1 69
1 70
2 3
3 4
3 68
4 6
4 7
5 6
5 24
5 30
6 8
7 8
8 12
9 10
10 11
11 12
12 13
12 14
13 23
14 23
15 16
16 17
16 18
17 19
18 19
19 20
19 22
19 57
20 21
21 23
22 23
23 25
23 31
23 33
24 25
25 26
25 27
25 28
25 29
26 35
27 35
28 35
29 35
30 31
31 32
32 35
33 34
34 35
35 36
35 44
35 48
35 51
35 53
35 56
35 60
35 61
35 62
36 37
37 38
38 39
39 40
40 42
41 42
42 43
43 50
44 45
45 46
46 47
47 50
48 49
49 50
51 52
52 54
53 54
54 55
57 58
58 59
59 60
61 65
62 63
63 64
64 65
64 66
64 67
