70
17 11 Inf 4 3 9 3 17 5 6
66 5 13 24 Inf Inf 42 41 33 30
54 2 28 8 2 7 Inf 34 19 35
52 14 22 34 30 27 Inf 21 48 3
6 6 1 3 5 1 6 5 5 6
88 73 63 51 25 Inf 48 18 57 80
21 21 13 19 3 3 Inf 15 21 2
128 60 67 72 87 Inf 82 60 82 76
68 49 37 3 42 41 13 9 1 Inf
70 Inf 36 28 42 67 45 1 70 66
85 32 79 83 2 57 13 60 80 1
21 20 21 6 4 4 10 2 7 6
134 123 Inf 96 110 6 66 74 109 6
135 52 90 126 Inf Inf 76 100 35 96
94 62 51 26 1 6 39 4 30 22
90 17 25 52 31 63 11 17 90 73
50 12 31 6 6 43 30 22 18 40
143 Inf 51 79 36 39 10 Inf Inf 18
19 3 6 Inf Inf 4 3 16 2 8
54 13 Inf Inf 7 9 41 3 30 Inf
50 4 26 2 42 26 2 49 12 23
40 25 6 Inf 29 30 2 7 10 10
73 37 Inf 33 9 59 7 73 23 Inf
12 5 Inf 1 7 2 12 7 11 1
152 Inf 80 84 132 Inf 147 101 Inf 72
42 18 40 8 15 23 36 34 38 Inf
45 8 29 22 41 1 45 13 25 24
74 17 70 11 51 10 Inf 62 Inf 23
26 Inf 6 16 Inf 9 4 4 17 19
11 3 4 5 10 1 5 Inf 1 7
31 22 6 16 25 4 6 7 20 7
50 24 23 18 33 32 42 20 26 39
102 15 4 19 3 18 53 75 29 56
46 17 38 11 27 41 Inf Inf 37 21
35 15 Inf 17 1 34 8 8 15 3
40 39 Inf 35 34 3 37 40 21 36
2 2 Inf 2 2 Inf 2 2 2 2
1 1 1 1 Inf Inf Inf Inf 1 1
3 3 3 3 3 3 3 3 2 3
13 6 4 5 2 12 1 1 12 3
16 15 5 9 1 Inf 2 4 14 7
25 17 6 15 11 13 Inf Inf Inf Inf
21 21 15 10 2 16 20 15 13 9
43 4 4 Inf 24 8 12 Inf 12 21
30 12 25 29 29 9 6 16 6 24
83 76 33 20 13 69 4 83 58 78
89 51 30 24 74 34 41 Inf 68 65
56 41 10 25 42 16 Inf 10 51 33
59 37 Inf 23 Inf 6 Inf 14 Inf 58
43 5 9 Inf 28 6 6 7 34 22
11 6 6 8 3 10 5 1 2 6
26 24 2 17 14 13 6 25 2 17
44 7 43 39 15 37 3 1 36 11
121 24 55 95 37 49 33 64 103 18
38 3 35 7 22 10 36 13 Inf Inf
68 55 17 10 26 41 52 Inf 62 64
22 7 1 11 6 13 4 2 21 8
7 Inf 1 5 Inf 6 6 5 2 2
16 9 11 8 Inf 8 2 Inf 1 1
32 13 8 28 31 5 27 5 16 11
25 12 4 13 23 14 7 23 14 1
27 22 27 5 18 23 26 2 4 19
156 114 91 74 35 103 127 67 41 85
28 25 1 28 Inf 5 15 6 26 22
15 13 Inf 12 10 Inf 3 4 2 6
26 13 25 11 5 17 19 1 23 8
18 Inf 4 2 Inf 17 15 6 13 9
72 1 64 29 52 60 60 7 61 59
23 21 23 19 13 11 21 8 2 2
27 1 15 17 12 25 5 8 24 18
1 2
1 41
1 69
1 70
2 3
3 4
3 68
4 6
4 7
5 6
5 24
5 30
6 8
7 8
8 12
9 10
10 11
11 12
12 13
12 14
13 23
14 23
15 16
16 17
16 18
17 19
18 19
19 20
19 22
19 57
20 21
21 23
22 23
23 25
23 31
23 33
24 25
25 26
25 27
25 28
25 29
26 35
27 35
28 35
29 35
30 31
31 32
32 35
33 34
34 35
35 36
35 44
35 48
35 51
35 53
35 56
35 60
35 61
35 62
36 37
37 38
38 39
39 40
40 42
41 42
42 43
43 50
44 45
45 46
46 47
47 50
48 49
49 50
51 52
52 54
53 54
54 55
57 58
58 59
59 60
61 65
62 63
63 64
64 65
64 66
64 67
