70
17 9 11 18 16 23 15 33 21 21
66 40 22 107 96 12 51 116 96 80
54 24 Inf 61 Inf 6 46 63 26 58
52 Inf 5 Inf 89 78 79 42 17 26
6 3 Inf 10 11 3 5 4 11 8
88 35 21 140 6 114 16 137 Inf 42
21 28 35 32 19 17 1 14 Inf 22
128 139 16 77 209 41 71 115 105 87
68 72 117 20 115 107 79 54 48 23
70 20 139 Inf 3 50 92 127 29 64
85 135 47 104 84 53 6 105 118 Inf
21 32 21 10 8 7 21 32 10 29
134 24 231 28 21 Inf 79 268 Inf 124
135 210 213 251 157 171 115 75 92 Inf
94 46 27 146 Inf 37 Inf 75 21 Inf
90 32 18 37 93 51 Inf 6 39 179
50 70 66 30 51 Inf 20 71 Inf 19
143 269 42 212 132 142 154 247 150 152
19 22 24 25 11 19 Inf 36 2 Inf
54 19 38 50 97 69 24 16 106 85
50 10 Inf 72 Inf 97 98 46 73 68
40 7 15 9 53 8 15 75 7 63
73 8 6 3 15 74 34 7 123 Inf
12 18 Inf 22 Inf 1 21 Inf 22 11
152 65 220 202 123 282 225 207 268 52
42 9 Inf 72 28 10 75 Inf 41 Inf
45 83 16 14 8 34 11 Inf 20 24
74 30 145 52 47 23 24 74 40 17
26 34 48 25 20 22 7 44 7 12
11 13 13 19 18 1 5 16 21 9
31 2 31 Inf 18 26 Inf 55 22 54
50 67 55 27 Inf 56 8 88 Inf 57
102 164 202 103 64 27 84 52 186 27
46 5 Inf 25 35 80 63 91 16 91
35 65 49 Inf 10 2 47 41 46 Inf
40 65 50 5 23 10 57 34 55 15
2 3 Inf 1 1 1 1 4 2 1
1 1 1 2 2 1 1 1 1 2
3 5 2 4 4 2 1 4 1 2
13 15 4 3 3 8 22 7 8 22
16 18 18 19 32 3 6 8 30 Inf
25 24 10 6 11 28 50 4 11 37
21 37 24 8 38 20 24 35 Inf 40
43 33 Inf 8 Inf 36 Inf 17 11 4
30 21 37 2 11 Inf 44 14 49 9
83 104 34 138 55 77 Inf 20 141 88
89 90 Inf 18 Inf 168 Inf 61 9 162
56 32 2 75 10 Inf Inf 74 108 10
59 98 15 20 89 29 32 12 98 37
43 81 83 19 34 70 Inf Inf 39 Inf
11 Inf 19 18 Inf 2 17 4 16 22
26 40 45 41 31 34 1 13 9 26
44 29 39 54 17 2 52 Inf 10 Inf
121 63 182 77 103 148 129 60 168 215
38 72 36 70 36 34 64 Inf 68 19
68 96 53 134 7 20 57 88 105 120
22 25 13 20 26 Inf 28 21 30 24
7 Inf 7 9 5 5 Inf 8 4 7
16 27 8 27 Inf 29 22 4 Inf 18
32 37 21 63 Inf 3 Inf 48 10 Inf
25 23 7 35 46 4 Inf 6 20 40
27 Inf 46 Inf 14 7 54 3 47 43
156 Inf 132 46 159 288 49 18 160 277
28 50 52 30 49 Inf 12 56 33 Inf
15 Inf 22 2 5 6 2 6 6 30
26 11 13 18 46 35 20 34 Inf 3
18 Inf 33 17 Inf 19 20 26 24 6
72 19 135 143 27 117 Inf 127 5 39
23 18 44 36 3 12 10 46 29 44
27 11 3 24 5 40 2 28 Inf 15
1 2
1 41
1 69
1 70
2 3
3 4
3 68
4 6
4 7
5 6
5 24
5 30
6 8
7 8
8 12
9 10
10 11
11 12
12 13
12 14
13 23
14 23
15 16
16 17
16 18
17 19
18 19
19 20
19 22
19 57
20 21
21 23
22 23
23 25
23 31
23 33
24 25
25 26
25 27
25 28
25 29
26 35
27 35
28 35
29 35
30 31
31 32
32 35
33 34
34 35
35 36
35 44
35 48
35 51
35 53
35 56
35 60
35 61
35 62
36 37
37 38
38 39
39 40
40 42
41 42
42 43
43 50
44 45
45 46
46 47
47 50
48 49
49 50
51 52
52 54
53 54
54 55
57 58
58 59
59 60
61 65
62 63
63 64
64 65
64 66
64 67
