70
17 30 1 4 24 33 5 17 Inf 24
66 121 104 102 88 53 34 92 53 60
54 Inf 108 Inf 8 5 90 17 30 15
52 11 78 54 35 68 6 71 70 Inf
6 3 9 8 12 5 6 4 9 3
88 36 72 167 102 54 Inf 112 167 116
21 21 Inf Inf 29 27 16 7 26 17
128 72 159 197 20 239 78 183 81 32
68 Inf 94 45 77 Inf 84 18 41 Inf
70 96 6 39 Inf 38 33 82 19 134
85 5 16 25 86 Inf 93 117 150 155
21 42 27 33 41 26 21 24 31 37
134 26 200 238 259 Inf Inf 16 189 173
135 44 16 206 234 94 7 Inf 221 45
94 4 Inf 51 97 155 109 123 136 140
90 Inf Inf 48 42 Inf 132 14 Inf 46
50 71 11 34 7 12 23 49 2 75
143 252 98 143 177 45 124 40 87 154
19 5 36 37 10 7 5 24 10 33
54 103 60 79 49 42 6 16 58 Inf
50 88 70 2 Inf 93 37 24 22 9
40 26 60 28 21 37 2 7 43 58
73 56 Inf 99 1 135 127 31 92 Inf
12 16 21 5 4 21 13 12 4 13
152 39 80 183 102 121 233 96 78 16
42 11 47 50 39 Inf 75 74 76 66
45 81 70 37 16 Inf 54 2 54 2
74 70 25 124 142 15 139 98 144 92
26 48 18 47 47 24 41 35 25 Inf
11 7 13 7 Inf 15 3 19 8 19
31 51 13 43 18 12 Inf Inf 40 52
50 Inf 89 2 23 7 Inf 89 57 84
102 19 60 188 150 184 31 Inf 197 52
46 Inf 51 7 68 18 Inf 65 71 8
35 54 46 2 Inf 47 46 42 Inf 14
40 35 54 64 Inf Inf 1 35 80 19
2 2 3 4 1 1 4 2 Inf 1
1 Inf 1 Inf 1 2 2 1 Inf 1
3 6 6 5 1 2 Inf 6 3 2
13 Inf Inf 14 5 10 2 4 25 20
16 12 5 2 19 25 Inf Inf 3 6
25 14 46 9 Inf 9 3 Inf 25 3
21 26 29 13 11 Inf 34 4 Inf 6
43 6 13 67 40 53 29 77 79 24
30 2 38 36 29 34 6 39 10 2
83 138 99 17 137 60 Inf 6 104 82
89 169 95 Inf 80 3 48 135 148 Inf
56 44 13 15 95 37 31 10 14 13
59 Inf 8 Inf 40 73 Inf Inf 68 9
43 47 15 71 12 Inf 5 80 10 34
11 21 7 15 Inf 19 Inf 13 7 5
26 24 Inf Inf 12 14 46 12 24 7
44 Inf 64 55 50 67 6 3 67 26
121 199 184 Inf 8 70 103 Inf 50 11
38 7 17 29 14 13 59 61 62 27
68 124 Inf Inf 57 83 90 50 Inf 60
22 22 13 7 27 8 27 4 8 31
7 2 Inf 2 13 10 6 4 Inf 6
16 20 19 32 22 18 20 Inf 20 12
32 23 1 48 64 30 15 26 54 40
25 12 Inf 28 Inf 2 Inf 19 25 11
27 44 38 35 33 22 38 52 Inf 5
156 295 179 66 190 136 Inf 189 121 56
28 24 50 28 53 Inf 41 50 11 35
15 16 3 2 17 24 12 13 16 8
26 12 4 Inf 9 12 Inf Inf 44 Inf
18 Inf 11 18 7 3 32 5 1 13
72 Inf 16 11 55 69 120 56 78 43
23 27 10 38 22 29 26 Inf 15 36
27 50 13 42 5 11 2 9 44 7
1 2
1 41
1 69
1 70
2 3
3 4
3 68
4 6
4 7
5 6
5 24
5 30
6 8
7 8
8 12
9 10
10 11
11 12
12 13
12 14
13 23
14 23
15 16
16 17
16 18
17 19
18 19
19 20
19 22
19 57
20 21
21 23
22 23
23 25
23 31
23 33
24 25
25 26
25 27
25 28
25 29
26 35
27 35
28 35
29 35
30 31
31 32
32 35
33 34
34 35
35 36
35 44
35 48
35 51
35 53
35 56
35 60
35 61
35 62
36 37
37 38
38 39
39 40
40 42
41 42
42 43
43 50
44 45
45 46
46 47
47 50
48 49
49 50
51 52
52 54
53 54
54 55
57 58
58 59
59 60
61 65
62 63
63 64
64 65
64 66
64 67
