70
17 9 31 5 3 19 Inf 26 6 20
66 125 30 43 Inf Inf 50 4 40 25
54 101 Inf 15 76 99 26 62 26 6
52 56 92 74 60 64 74 Inf 63 13
6 10 10 7 2 11 6 2 10 3
88 58 138 50 15 117 35 95 60 158
21 23 19 35 14 28 28 26 Inf 10
128 97 54 181 175 61 53 82 92 173
68 136 133 28 132 44 125 2 45 83
70 47 44 118 132 130 5 41 Inf 6
85 131 150 25 57 8 52 122 142 14
21 26 Inf 25 25 4 3 30 20 2
134 6 88 175 Inf 25 201 166 7 29
135 Inf 250 171 208 240 150 244 Inf 91
94 172 37 157 41 76 118 62 175 6
90 55 143 66 163 172 174 112 166 125
50 70 36 55 Inf 46 62 31 95 95
143 259 41 220 38 260 119 111 278 244
19 7 28 Inf 19 35 Inf Inf 4 24
54 13 79 4 45 26 98 Inf 95 23
50 72 40 45 36 70 58 18 16 19
40 46 Inf 11 59 8 58 58 14 15
73 43 87 126 139 Inf 72 36 133 91
12 21 Inf 16 19 10 6 6 24 2
152 88 287 Inf 34 Inf 140 145 262 245
42 55 25 7 77 47 31 30 63 3
45 16 19 50 Inf 12 22 Inf 1 27
74 44 20 119 27 132 96 74 144 49
26 45 20 26 1 13 Inf 27 9 9
11 12 Inf 19 6 9 9 Inf 19 12
31 11 58 16 17 10 50 23 51 8
50 62 61 54 21 85 35 45 75 30
102 58 70 125 33 76 Inf 93 106 37
46 Inf Inf 21 18 77 5 Inf 52 61
35 Inf 65 4 28 6 56 37 2 37
40 28 Inf 61 54 33 78 66 Inf 14
2 4 2 2 3 2 4 1 4 2
1 1 2 1 2 2 2 2 1 Inf
3 6 2 2 5 3 1 Inf 6 1
13 7 1 8 8 17 10 7 Inf 22
16 31 31 21 4 12 5 Inf 1 12
25 37 45 30 37 47 26 Inf 19 41
21 24 Inf 22 9 21 15 Inf 7 30
43 56 70 54 84 38 52 19 Inf 55
30 42 58 Inf 58 29 52 43 46 14
83 Inf 99 150 84 18 6 117 79 94
89 145 52 57 113 78 120 96 169 31
56 18 72 21 13 6 31 Inf 25 22
59 66 10 12 109 70 16 113 31 97
43 38 58 39 17 64 61 55 53 9
11 9 18 14 Inf 9 21 12 9 4
26 46 31 15 16 3 1 17 25 23
44 80 32 20 43 3 Inf 2 Inf 41
121 Inf 221 63 199 242 61 55 219 50
38 Inf 58 25 14 26 75 72 27 37
68 133 107 48 49 116 119 5 92 92
22 40 24 13 30 Inf 36 38 38 33
7 4 3 5 10 7 12 5 Inf Inf
16 30 28 23 7 23 25 11 13 24
32 6 55 42 43 3 10 7 20 38
25 Inf 47 Inf 45 Inf 12 44 25 8
27 33 15 Inf 49 4 15 5 41 42
156 265 Inf 34 289 31 267 84 33 143
28 Inf 14 28 31 40 5 42 40 33
15 13 28 7 19 16 5 1 16 7
26 1 9 11 25 8 Inf 48 16 9
18 33 13 Inf 22 26 22 7 11 22
72 Inf Inf 57 13 41 30 141 25 15
23 12 Inf Inf Inf 19 Inf 24 Inf 33
27 6 30 Inf 7 34 11 32 3 5
1 2
1 41
1 69
1 70
2 3
3 4
3 68
4 6
4 7
5 6
5 24
5 30
6 8
7 8
8 12
9 10
10 11
11 12
12 13
12 14
13 23
14 23
15 16
16 17
16 18
17 19
18 19
19 20
19 22
19 57
20 21
21 23
22 23
23 25
23 31
23 33
24 25
25 26
25 27
25 28
25 29
26 35
27 35
28 35
29 35
30 31
31 32
32 35
33 34
34 35
35 36
35 44
35 48
35 51
35 53
35 56
35 60
35 61
35 62
36 37
37 38
38 39
39 40
40 42
41 42
42 43
43 50
44 45
45 46
46 47
47 50
48 49
49 50
51 52
52 54
53 54
54 55
57 58
58 59
59 60
61 65
62 63
63 64
64 65
64 66
64 67
