70
17 Inf 13 7 15 22 26 Inf 24 28
66 10 132 69 85 48 42 91 34 98
54 24 28 10 92 13 17 50 Inf 2
52 81 16 48 94 103 59 103 80 51
6 Inf 6 2 1 6 1 10 1 Inf
88 98 30 127 129 112 82 26 43 6
21 1 4 38 28 8 Inf 23 11 Inf
128 182 26 Inf 81 107 104 197 3 178
68 128 124 Inf 62 85 106 107 Inf 4
70 121 23 128 40 38 50 137 14 102
85 11 147 60 100 162 44 Inf 132 Inf
21 4 8 34 18 15 22 5 5 8
134 265 130 163 244 158 196 35 107 232
135 265 113 12 245 110 163 141 221 204
94 174 3 50 1 135 29 56 175 37
90 140 110 119 131 16 55 139 161 19
50 69 90 66 38 73 12 16 Inf 55
143 225 Inf 77 266 111 174 Inf 150 71
19 2 8 13 19 4 23 11 25 13
54 15 88 11 59 102 4 71 32 25
50 27 10 87 15 61 2 1 20 92
40 Inf 79 37 9 6 79 36 37 13
73 31 18 90 127 80 37 19 41 51
12 Inf 5 Inf 1 1 19 21 6 18
152 Inf 304 72 197 234 21 39 Inf 281
42 21 57 18 46 84 5 21 82 56
45 4 Inf 19 29 Inf Inf 78 22 66
74 85 129 43 8 62 39 50 65 146
26 52 Inf 40 4 22 2 24 Inf Inf
11 9 1 1 Inf 19 4 8 15 Inf
31 Inf 7 Inf 47 Inf 59 4 Inf 48
50 47 21 93 3 10 30 83 21 5
102 158 157 36 99 203 197 67 71 29
46 92 Inf 84 6 7 71 74 80 46
35 Inf 19 20 36 67 42 14 66 Inf
40 65 16 38 16 46 Inf 58 38 Inf
2 Inf 4 3 4 3 2 Inf 3 3
1 2 1 Inf 1 1 2 2 2 Inf
3 2 5 3 1 5 1 3 4 5
13 Inf 23 18 24 4 3 9 23 2
16 28 7 31 31 17 19 24 Inf 18
25 14 8 Inf 11 47 Inf 36 6 41
21 Inf 10 29 20 32 31 22 Inf 16
43 70 2 35 Inf 60 5 11 Inf Inf
30 44 18 29 29 Inf 16 8 Inf 36
83 138 Inf 120 66 Inf 135 35 80 1
89 114 86 176 90 76 100 2 98 64
56 111 38 35 12 8 112 111 91 26
59 87 15 10 23 95 59 63 114 73
43 Inf 83 17 Inf 42 80 2 51 86
11 17 20 6 1 5 5 9 1 14
26 16 13 25 1 8 42 5 12 25
44 75 78 65 3 88 17 17 32 40
121 132 Inf 220 159 203 27 Inf 81 136
38 5 2 50 32 Inf 51 Inf Inf 74
68 27 123 84 124 125 Inf 18 118 85
22 Inf 22 12 23 37 21 7 32 21
7 6 13 13 4 13 7 4 13 3
16 6 10 12 19 7 Inf 19 30 29
32 Inf 64 Inf 8 23 Inf Inf 52 54
25 Inf 8 8 Inf 34 48 1 19 3
27 1 7 26 4 29 10 Inf 8 28
156 279 146 182 9 72 77 71 Inf 252
28 11 6 25 32 48 4 Inf 37 1
15 29 17 9 15 6 20 24 1 20
26 49 23 15 16 17 16 23 23 32
18 26 1 34 28 Inf 26 34 11 26
72 68 127 64 70 129 37 62 105 79
23 23 5 16 4 17 36 16 13 5
27 41 Inf Inf Inf 51 Inf 15 50 46
1 2
1 41
1 69
1 70
2 3
3 4
3 68
4 6
4 7
5 6
5 24
5 30
6 8
7 8
8 12
9 10
10 11
11 12
12 13
12 14
13 23
14 23
15 16
16 17
16 18
17 19
18 19
19 20
19 22
19 57
20 21
21 23
22 23
23 25
23 31
23 33
24 25
25 26
25 27
25 28
25 29
26 35
27 35
28 35
29 35
30 31
31 32
32 35
33 34
34 35
35 36
35 44
35 48
35 51
35 53
35 56
35 60
35 61
35 62
36 37
37 38
38 39
39 40
40 42
41 42
42 43
43 50
44 45
45 46
46 47
47 50
48 49
49 50
51 52
52 54
53 54
54 55
57 58
58 59
59 60
61 65
62 63
63 64
64 65
64 66
64 67
