70
17 Inf 22 23 31 16 2 32 9 31
66 27 Inf 91 111 Inf 23 105 27 Inf
54 19 59 Inf 21 Inf 95 106 Inf 89
52 72 33 82 53 Inf 32 61 27 7
6 3 12 5 12 Inf 3 10 10 11
88 80 62 7 151 102 54 27 57 133
21 7 38 41 32 Inf 38 12 28 15
128 Inf 191 125 223 193 69 121 147 49
68 11 Inf 46 88 68 Inf 91 Inf 94
70 Inf 100 80 96 122 75 23 72 37
85 51 82 128 116 75 46 132 119 27
21 21 42 13 28 10 9 7 8 28
134 140 Inf 138 124 52 120 117 64 1
135 261 Inf 235 211 258 211 127 105 64
94 37 105 Inf 86 48 186 67 Inf 130
90 61 38 83 47 179 Inf Inf 97 117
50 Inf 7 61 86 61 41 45 11 31
143 5 262 Inf 264 Inf Inf 246 Inf 25
19 5 Inf 2 38 22 33 38 27 10
54 61 29 Inf 15 93 54 76 29 64
50 18 74 Inf 61 27 73 60 95 90
40 9 7 4 46 67 71 58 25 22
73 130 49 143 41 58 110 27 86 32
12 12 11 11 20 17 15 18 12 22
152 189 Inf 279 121 Inf 263 274 268 240
42 41 19 Inf 25 68 Inf 36 44 53
45 Inf 71 Inf 4 33 78 27 Inf 53
74 7 1 65 28 5 123 119 8 26
26 45 11 24 51 20 44 52 Inf 11
11 3 7 9 2 10 6 17 4 1
31 20 Inf 26 Inf 26 40 62 28 3
50 Inf 15 65 10 93 67 92 1 81
102 1 133 Inf 177 157 141 40 Inf 105
46 61 81 16 11 57 33 64 27 58
35 64 44 19 33 38 25 52 65 66
40 34 70 30 34 79 42 15 8 47
2 4 2 2 2 1 2 Inf 3 2
1 1 1 2 1 Inf Inf 1 1 1
3 1 1 6 2 6 1 Inf 3 Inf
13 8 16 1 21 24 22 Inf 25 18
16 30 18 Inf 1 6 9 17 9 15
25 26 2 8 29 10 2 24 Inf 43
21 3 23 1 41 Inf 13 22 8 23
43 71 21 35 4 56 83 Inf 68 65
30 Inf 38 10 16 20 46 6 7 55
83 40 147 53 118 Inf 52 95 Inf 1
89 163 143 174 168 148 23 Inf Inf 170
56 26 53 5 7 65 106 18 57 55
59 53 4 54 23 64 Inf 98 41 104
43 26 79 46 52 11 74 10 70 26
11 6 6 Inf 7 15 22 4 13 17
26 31 1 42 27 4 50 45 Inf 11
44 Inf Inf 42 33 38 20 83 8 43
121 197 5 241 99 138 19 203 196 175
38 8 20 29 12 57 1 38 68 54
68 81 40 53 135 6 30 24 9 20
22 35 Inf 13 11 24 9 15 3 16
7 Inf 2 11 2 5 2 5 8 10
16 2 Inf 1 11 28 7 29 31 20
32 61 1 31 14 31 Inf 47 5 62
25 10 31 14 40 16 11 30 16 Inf
27 13 4 8 5 5 17 16 23 17
156 88 154 292 44 44 81 Inf 62 Inf
28 46 22 4 26 14 49 Inf 4 20
15 4 18 25 Inf 20 23 25 28 27
26 4 12 41 4 10 Inf 31 44 40
18 9 3 30 25 Inf 10 11 28 19
72 110 141 70 123 97 28 6 88 Inf
23 10 15 36 17 5 5 46 14 Inf
27 44 21 6 Inf 12 23 38 19 49
1 2
1 41
1 69
1 70
2 3
3 4
3 68
4 6
4 7
5 6
5 24
5 30
6 8
7 8
8 12
9 10
10 11
11 12
12 13
12 14
13 23
14 23
15 16
16 17
16 18
17 19
18 19
19 20
19 22
19 57
20 21
21 23
22 23
23 25
23 31
23 33
24 25
25 26
25 27
25 28
25 29
26 35
27 35
28 35
29 35
30 31
31 32
32 35
33 34
34 35
35 36
35 44
35 48
35 51
35 53
35 56
35 60
35 61
35 62
36 37
37 38
38 39
39 40
40 42
41 42
42 43
43 50
44 45
45 46
46 47
47 50
48 49
49 50
51 52
52 54
53 54
54 55
57 58
58 59
59 60
61 65
62 63
63 64
64 65
64 66
64 67
