70
17 8 19 31 30 16 28 32 14 31
66 120 12 Inf 31 129 50 101 93 90
54 13 91 4 105 85 15 14 48 Inf
52 33 95 41 Inf 100 102 23 14 10
6 1 1 6 2 11 4 6 5 12
88 167 Inf 42 Inf 97 151 175 100 50
21 33 2 8 28 42 39 39 14 Inf
128 Inf 182 255 191 Inf 204 131 87 3
68 35 128 131 114 37 79 29 1 Inf
70 72 28 96 41 11 32 123 5 95
85 Inf 13 20 84 104 169 52 Inf 120
21 7 Inf 5 27 37 12 35 8 40
134 13 254 266 64 99 Inf 12 53 226
135 Inf 39 145 218 8 12 259 228 10
94 133 Inf 188 68 35 58 3 34 81
90 95 9 17 126 127 Inf 37 169 4
50 55 Inf 11 37 23 38 72 23 14
143 62 20 21 Inf 267 225 Inf 36 141
19 17 11 2 3 7 Inf 6 9 8
54 105 85 105 99 Inf Inf 76 21 51
50 6 48 51 27 15 46 53 84 1
40 Inf 7 77 18 68 Inf 13 14 67
73 37 49 Inf 123 41 63 120 60 64
12 1 20 17 7 15 16 18 4 21
152 11 300 Inf 14 270 1 283 Inf Inf
42 19 50 14 20 55 34 31 80 36
45 27 64 57 Inf 58 62 12 46 65
74 122 42 122 139 6 95 86 18 84
26 48 Inf 1 28 43 5 48 16 13
11 7 16 Inf 2 19 Inf 17 2 Inf
31 3 19 53 Inf 14 29 19 23 20
50 59 Inf Inf 87 47 49 26 38 11
102 35 109 25 7 Inf Inf 187 29 Inf
46 54 Inf 86 36 31 72 32 14 50
35 Inf 1 Inf Inf 22 37 11 62 57
40 71 29 59 22 13 74 Inf 11 75
2 2 Inf 1 1 3 2 1 Inf 1
1 1 1 1 1 2 1 1 Inf Inf
3 5 1 Inf 1 5 4 2 2 5
13 20 18 5 12 5 15 Inf 21 20
16 4 22 3 3 28 26 Inf 20 Inf
25 Inf 4 38 41 12 34 28 Inf 36
21 24 23 7 20 20 8 19 29 1
43 6 67 58 23 16 Inf 31 12 57
30 33 39 55 51 8 45 42 6 30
83 32 43 71 19 Inf 160 Inf 37 99
89 13 44 10 101 152 Inf 127 175 108
56 64 7 65 49 24 30 31 Inf 70
59 Inf 36 68 98 49 85 46 90 80
43 Inf 5 24 43 69 20 41 68 75
11 2 Inf 13 16 Inf 13 19 17 16
26 52 Inf 22 44 2 21 37 Inf 19
44 28 Inf 86 67 24 43 59 Inf 59
121 193 239 Inf 232 33 240 109 31 193
38 34 75 21 40 35 4 10 Inf 49
68 136 77 20 9 94 50 Inf 6 37
22 Inf 30 13 37 10 1 27 17 Inf
7 2 14 12 2 4 5 13 14 5
16 Inf 20 30 1 8 10 Inf 2 24
32 13 Inf 15 3 46 17 Inf 20 49
25 Inf 23 42 Inf 1 42 Inf 17 44
27 3 11 6 Inf 24 7 3 43 1
156 154 269 72 63 164 195 55 204 306
28 11 23 Inf 12 54 5 54 51 Inf
15 23 16 15 30 1 6 20 21 16
26 34 15 31 Inf 3 35 25 12 1
18 5 13 5 25 Inf 5 35 5 Inf
72 136 123 118 27 61 92 40 60 68
23 8 27 42 1 Inf 24 19 Inf 11
27 22 9 18 9 22 50 6 50 28
1 2
1 41
1 69
1 70
2 3
3 4
3 68
4 6
4 7
5 6
5 24
5 30
6 8
7 8
8 12
9 10
10 11
11 12
12 13
12 14
13 23
14 23
15 16
16 17
16 18
17 19
18 19
19 20
19 22
19 57
20 21
21 23
22 23
23 25
23 31
23 33
24 25
25 26
25 27
25 28
25 29
26 35
27 35
28 35
29 35
30 31
31 32
32 35
33 34
34 35
35 36
35 44
35 48
35 51
35 53
35 56
35 60
35 61
35 62
36 37
37 38
38 39
39 40
40 42
41 42
42 43
43 50
44 45
45 46
46 47
47 50
48 49
49 50
51 52
52 54
53 54
54 55
57 58
58 59
59 60
61 65
62 63
63 64
64 65
64 66
64 67
