70
17 19 31 6 13 28 14 Inf 31 2
66 120 Inf 108 107 Inf 1 3 80 119
54 2 63 25 95 93 5 54 22 11
52 95 33 30 13 58 65 69 54 Inf
6 2 7 11 6 11 12 12 12 8
88 Inf 17 121 35 21 3 67 174 168
21 21 Inf 34 32 9 Inf 40 38 4
128 186 82 131 220 33 133 230 160 109
68 112 1 Inf 26 50 62 120 47 108
70 49 5 109 136 100 35 Inf 7 45
85 92 44 44 5 140 24 139 71 65
21 28 29 7 2 42 1 18 10 24
134 Inf Inf 48 246 33 19 Inf 73 34
135 210 25 259 Inf Inf Inf 269 Inf 191
94 179 106 Inf Inf 122 16 158 89 113
90 15 17 128 180 Inf 24 99 30 79
50 56 42 29 45 48 11 89 92 95
143 Inf 73 277 267 90 213 159 274 143
19 16 26 4 26 1 36 Inf Inf 9
54 Inf Inf 108 70 Inf 32 Inf 100 11
50 25 31 57 25 69 79 58 26 9
40 47 45 48 7 39 Inf Inf 16 47
73 11 64 135 59 24 Inf Inf 53 13
12 21 6 12 16 20 18 2 7 23
152 70 161 173 293 11 271 121 Inf 287
42 49 66 22 25 50 35 72 57 36
45 38 21 11 27 52 68 Inf 10 19
74 9 129 1 103 70 23 131 139 27
26 45 51 9 35 15 4 36 Inf 44
11 6 19 18 Inf 11 21 Inf 17 14
31 62 13 10 59 62 47 43 5 60
50 88 25 11 47 18 Inf Inf Inf 75
102 112 Inf 128 20 202 140 201 Inf Inf
46 18 62 40 8 Inf Inf 44 23 21
35 40 6 10 63 20 Inf 46 66 22
40 11 70 75 8 63 4 65 78 10
2 1 2 3 4 1 2 4 4 2
1 1 1 1 Inf 2 1 Inf 2 1
3 6 4 6 2 4 1 6 6 4
13 17 18 15 10 24 23 7 7 Inf
16 14 4 14 17 10 18 4 10 14
25 31 21 5 29 9 Inf 23 40 2
21 14 26 5 38 2 33 30 3 Inf
43 10 45 3 69 20 20 Inf Inf 65
30 38 23 19 Inf 22 54 22 9 33
83 80 48 Inf 31 96 159 6 134 136
89 166 12 62 43 116 20 40 28 128
56 83 97 100 92 Inf 23 Inf 88 89
59 56 26 107 36 73 Inf 33 5 Inf
43 Inf 55 22 24 76 55 20 76 83
11 19 5 Inf 7 2 11 17 14 5
26 47 Inf 3 1 13 30 23 22 38
44 33 56 23 27 20 20 13 48 46
121 242 211 140 51 214 33 33 237 5
38 36 29 38 3 57 26 2 72 39
68 72 Inf 78 125 85 66 Inf 2 76
22 Inf 34 8 24 27 29 37 7 28
7 9 10 Inf 9 6 7 Inf 1 13
16 1 5 14 23 24 8 22 2 3
32 10 17 52 8 43 11 8 Inf 33
25 13 10 48 38 16 16 22 19 29
27 17 41 30 12 Inf 20 Inf 25 Inf
156 Inf 15 144 Inf 50 78 279 Inf Inf
28 16 50 34 44 22 45 Inf 24 51
15 Inf 19 23 30 Inf 25 2 20 Inf
26 32 14 35 Inf Inf 18 51 Inf 8
18 1 29 6 27 24 29 28 23 31
72 21 139 Inf 137 20 77 30 39 84
23 Inf 21 3 24 Inf 5 4 32 23
27 7 52 36 5 50 13 31 29 13
1 2
1 41
1 69
1 70
2 3
3 4
3 68
4 6
4 7
5 6
5 24
5 30
6 8
7 8
8 12
9 10
10 11
11 12
12 13
12 14
13 23
14 23
15 16
16 17
16 18
17 19
18 19
19 20
19 22
19 57
20 21
21 23
22 23
23 25
23 31
23 33
24 25
25 26
25 27
25 28
25 29
26 35
27 35
28 35
29 35
30 31
31 32
32 35
33 34
34 35
35 36
35 44
35 48
35 51
35 53
35 56
35 60
35 61
35 62
36 37
37 38
38 39
39 40
40 42
41 42
42 43
43 50
44 45
45 46
46 47
47 50
48 49
49 50
51 52
52 54
53 54
54 55
57 58
58 59
59 60
61 65
62 63
63 64
64 65
64 66
64 67
