70
17 31 Inf 33 2 31 15 28 8 7
66 32 35 119 17 65 78 126 107 2
54 59 47 5 46 98 65 61 75 2
52 8 93 45 6 78 41 73 71 13
6 9 10 1 6 2 1 12 Inf 3
88 70 173 Inf 129 22 79 40 138 129
21 35 17 11 8 8 17 13 14 Inf
128 Inf Inf Inf Inf 225 Inf 50 97 201
68 53 1 113 7 95 10 123 19 41
70 3 132 68 75 47 20 84 132 99
85 163 Inf 16 70 158 1 20 83 34
21 1 Inf 13 6 29 Inf 42 36 2
134 Inf Inf 52 208 202 181 242 72 244
135 10 108 231 263 249 22 40 206 48
94 46 59 30 21 Inf 97 55 3 83
90 149 65 Inf 104 36 34 39 32 153
50 Inf 25 47 86 88 59 77 28 Inf
143 36 107 139 145 63 53 150 Inf 128
19 37 26 5 8 11 35 16 33 35
54 51 Inf 93 45 16 98 Inf 56 35
50 6 52 50 52 61 Inf 13 3 80
40 26 78 56 51 45 20 27 70 Inf
73 144 94 9 114 17 106 27 Inf 97
12 20 8 7 18 23 23 20 12 10
152 229 207 267 50 88 239 109 20 179
42 73 2 76 2 40 1 13 48 54
45 37 31 5 56 5 59 89 9 15
74 7 137 54 77 18 35 40 55 141
26 15 21 29 Inf 1 39 8 38 16
11 17 22 16 13 21 18 Inf 3 11
31 4 49 Inf 37 49 7 13 35 15
50 97 23 50 Inf Inf 15 Inf 87 Inf
102 189 121 142 26 97 66 8 29 11
46 17 66 1 81 24 8 Inf 47 76
35 64 70 28 36 32 10 7 1 69
40 39 51 72 Inf 70 66 40 43 61
2 4 3 1 3 2 1 1 Inf 1
1 2 1 2 2 2 1 Inf Inf 1
3 1 2 3 1 3 6 3 Inf 5
13 12 16 5 24 19 17 18 9 17
16 27 2 5 11 28 13 7 10 9
25 23 18 6 32 45 13 29 49 Inf
21 19 24 32 31 18 7 6 18 8
43 74 74 54 32 69 3 60 Inf 14
30 9 31 29 17 35 34 43 24 15
83 143 Inf Inf 41 Inf Inf Inf 127 133
89 137 89 64 Inf 116 Inf 124 Inf 110
56 41 110 58 6 24 21 30 108 26
59 88 15 69 26 91 49 22 25 Inf
43 Inf 83 85 65 49 33 71 40 41
11 10 3 7 6 10 8 7 16 11
26 4 29 24 9 1 14 2 51 16
44 55 25 68 17 Inf 62 84 87 10
121 44 203 198 11 22 78 223 185 16
38 63 Inf Inf Inf 24 18 54 4 57
68 35 69 74 26 133 Inf Inf 53 Inf
22 6 Inf 13 8 5 Inf 4 16 2
7 12 3 13 4 8 9 5 11 8
16 18 24 8 26 21 9 27 27 30
32 63 33 10 42 30 Inf Inf Inf 33
25 43 11 7 8 44 41 Inf 2 1
27 Inf 52 28 24 43 38 2 47 22
156 84 43 98 261 156 65 36 222 Inf
28 Inf 56 16 18 Inf 22 16 12 29
15 7 14 6 10 1 16 15 10 2
26 3 38 11 32 9 19 14 17 26
18 33 4 2 15 7 23 20 24 30
72 74 90 55 49 99 134 56 40 Inf
23 Inf 43 32 20 15 Inf 38 34 24
27 43 3 Inf 53 1 8 17 49 19
1 2
1 41
1 69
1 70
2 3
3 4
3 68
4 6
4 7
5 6
5 24
5 30
6 8
7 8
8 12
9 10
10 11
11 12
12 13
12 14
13 23
14 23
15 16
16 17
16 18
17 19
18 19
19 20
19 22
19 57
20 21
21 23
22 23
23 25
23 31
23 33
24 25
25 26
25 27
25 28
25 29
26 35
27 35
28 35
29 35
30 31
31 32
32 35
33 34
34 35
35 36
35 44
35 48
35 51
35 53
35 56
35 60
35 61
35 62
36 37
37 38
38 39
39 40
40 42
41 42
42 43
43 50
44 45
45 46
46 47
47 50
48 49
49 50
51 52
52 54
53 54
54 55
57 58
58 59
59 60
61 65
62 63
63 64
64 65
64 66
64 67
