70
17 20 29 17 29 4 2 11 1 26
66 38 127 24 48 105 79 11 14 39
54 92 53 32 100 Inf 5 58 Inf Inf
52 62 23 82 Inf 100 5 47 103 91
6 9 Inf 2 1 6 Inf 6 Inf 3
88 166 68 46 1 99 162 47 55 174
21 Inf 37 22 23 Inf 9 7 39 10
128 94 65 229 35 34 63 60 9 255
68 Inf 22 44 83 Inf 90 14 16 23
70 138 123 99 Inf 135 80 11 22 133
85 91 74 161 69 43 2 160 34 142
21 20 30 2 8 30 6 1 20 20
134 263 Inf 24 52 234 249 195 251 58
135 93 69 Inf 166 75 Inf 30 47 238
94 Inf 136 68 157 86 50 156 79 29
90 76 69 27 149 1 43 8 172 154
50 91 Inf 38 71 Inf 72 46 74 64
143 116 153 35 280 17 66 62 36 24
19 7 11 1 3 1 11 16 11 10
54 41 34 45 34 70 29 108 90 64
50 15 Inf 64 39 8 12 45 16 24
40 46 39 49 26 34 41 78 58 35
73 14 31 22 146 145 137 89 6 6
12 5 18 6 17 9 23 7 16 10
152 70 172 31 117 195 42 62 Inf 172
42 10 79 10 4 20 64 33 17 1
45 80 10 34 18 44 9 56 47 66
74 118 23 41 62 31 60 120 28 9
26 13 Inf 1 49 21 35 Inf Inf 38
11 21 1 7 5 Inf Inf 22 11 8
31 32 24 58 36 51 11 21 3 49
50 57 64 73 48 35 100 2 88 17
102 196 66 Inf 152 24 Inf 112 110 102
46 Inf 54 20 90 88 Inf 84 40 Inf
35 67 40 10 5 15 30 53 7 64
40 76 20 33 55 30 21 Inf 26 37
2 3 1 2 Inf 4 4 2 3 2
1 2 Inf 1 1 1 2 1 Inf 1
3 4 1 5 3 5 1 4 4 1
13 1 Inf 24 Inf 7 22 9 15 17
16 1 30 Inf Inf Inf Inf 32 19 5
25 Inf 14 37 7 11 35 Inf 33 Inf
21 Inf 4 24 2 16 28 8 35 29
43 8 86 11 61 53 Inf 52 70 26
30 36 Inf 30 38 42 50 50 6 33
83 Inf 132 Inf 124 30 57 Inf Inf Inf
89 18 4 168 21 32 44 49 Inf Inf
56 41 46 34 8 31 102 27 42 83
59 117 70 Inf 101 60 46 90 26 60
43 60 29 68 10 33 19 16 49 21
11 3 Inf 15 1 Inf Inf 8 8 10
26 38 27 9 3 43 49 26 2 2
44 27 22 63 15 12 85 77 73 Inf
121 Inf 234 Inf 49 114 Inf 169 74 201
38 61 13 19 31 Inf 27 Inf 20 45
68 120 92 24 7 68 Inf 91 Inf 13
22 13 22 Inf 39 30 36 42 6 30
7 1 2 4 9 10 13 5 Inf 6
16 4 7 17 14 28 27 28 13 30
32 28 46 16 Inf 4 14 47 7 53
25 17 28 44 24 16 35 24 37 36
27 10 4 53 50 13 28 Inf 33 28
156 73 200 Inf 63 109 Inf 244 Inf 83
28 10 Inf Inf 13 52 46 40 Inf Inf
15 6 14 24 18 19 5 30 12 28
26 1 33 19 15 4 30 Inf 23 49
18 36 11 3 3 6 2 25 34 Inf
72 112 14 101 138 7 97 116 137 53
23 18 19 21 34 7 12 3 19 36
27 29 26 13 10 23 6 Inf 5 32
1 2
1 41
1 69
1 70
2 3
3 4
3 68
4 6
4 7
5 6
5 24
5 30
6 8
7 8
8 12
9 10
10 11
11 12
12 13
12 14
13 23
14 23
15 16
16 17
16 18
17 19
18 19
19 20
19 22
19 57
20 21
21 23
22 23
23 25
23 31
23 33
24 25
25 26
25 27
25 28
25 29
26 35
27 35
28 35
29 35
30 31
31 32
32 35
33 34
34 35
35 36
35 44
35 48
35 51
35 53
35 56
35 60
35 61
35 62
36 37
37 38
38 39
39 40
40 42
41 42
42 43
43 50
44 45
45 46
46 47
47 50
48 49
49 50
51 52
52 54
53 54
54 55
57 58
58 59
59 60
61 65
62 63
63 64
64 65
64 66
64 67
