70
17 1 13 29 4 32 Inf Inf 6 25
66 112 109 95 9 60 69 40 99 Inf
54 7 79 Inf 105 57 50 92 97 101
52 97 5 Inf 80 60 101 Inf 26 62
6 12 3 10 11 5 1 7 4 7
88 28 68 Inf Inf 57 76 40 102 40
21 Inf 41 20 24 28 24 34 24 Inf
128 179 58 87 2 36 70 2 Inf Inf
68 83 25 13 Inf 5 55 97 Inf 76
70 137 66 74 70 Inf 22 135 44 16
85 80 61 54 26 64 19 12 170 150
21 8 39 34 18 27 14 35 15 6
134 43 59 86 81 127 265 56 Inf 239
135 27 189 261 169 152 Inf 106 150 Inf
94 39 36 46 54 Inf 98 55 34 25
90 151 30 87 26 Inf 89 179 41 135
50 58 59 86 88 70 22 52 Inf 39
143 Inf 168 199 45 84 274 229 169 150
19 32 1 7 1 36 8 25 34 14
54 90 52 32 57 78 Inf 69 48 26
50 51 58 13 88 Inf Inf 69 64 85
40 73 80 Inf 3 10 18 36 Inf Inf
73 132 115 13 16 Inf 43 97 75 140
12 6 17 9 5 Inf 20 7 23 6
152 72 240 297 74 160 45 Inf 7 Inf
42 35 42 21 21 37 83 51 3 53
45 20 36 70 20 30 1 Inf 18 Inf
74 113 31 142 28 122 Inf Inf 25 49
26 11 31 2 23 26 4 Inf 49 Inf
11 4 6 Inf 12 6 Inf 2 14 18
31 60 Inf 19 5 27 Inf 57 30 Inf
50 2 73 38 62 19 49 27 23 44
102 54 28 178 Inf 137 71 127 112 23
46 68 20 53 10 51 33 27 57 81
35 13 35 36 56 28 12 42 57 53
40 74 33 38 53 77 39 3 11 37
2 Inf 3 2 Inf 1 1 Inf 2 3
1 1 2 1 1 1 1 Inf 1 2
3 2 6 Inf Inf Inf Inf 4 6 Inf
13 16 19 2 6 14 6 9 19 Inf
16 Inf 22 Inf 4 1 28 21 30 2
25 16 19 8 48 33 46 2 9 8
21 5 8 11 24 9 24 19 10 9
43 Inf 15 22 17 42 43 37 9 53
30 24 23 7 41 9 36 2 9 52
83 159 28 121 14 Inf 68 134 91 5
89 145 Inf 38 173 163 Inf 74 37 18
56 15 23 Inf 12 83 109 79 63 36
59 81 31 73 58 67 10 96 94 15
43 Inf 45 9 62 82 3 77 45 1
11 10 22 14 4 17 15 7 13 11
26 8 28 27 25 10 36 28 3 14
44 1 8 Inf Inf 87 Inf 70 22 59
121 190 235 190 219 Inf 59 183 79 240
38 47 42 61 17 50 17 62 7 73
68 115 Inf 111 124 134 83 53 92 115
22 8 25 29 8 6 Inf Inf 35 26
7 3 7 3 3 4 Inf 6 4 3
16 6 2 2 13 Inf 20 3 12 19
32 63 49 23 Inf Inf 27 22 48 22
25 50 4 34 2 34 49 45 Inf 10
27 29 18 10 53 Inf 52 15 Inf 9
156 284 101 44 230 297 288 273 Inf 180
28 16 12 29 29 22 1 32 50 51
15 3 Inf 19 20 16 12 15 9 8
26 28 12 Inf 13 31 12 Inf 39 Inf
18 14 16 Inf 23 7 10 10 15 Inf
72 Inf 112 24 Inf 38 96 Inf 121 Inf
23 24 18 6 32 15 22 19 31 7
27 9 Inf Inf 30 Inf 39 27 48 38
1 2
1 41
1 69
1 70
2 3
3 4
3 68
4 6
4 7
5 6
5 24
5 30
6 8
7 8
8 12
9 10
10 11
11 12
12 13
12 14
13 23
14 23
15 16
16 17
16 18
17 19
18 19
19 20
19 22
19 57
20 21
21 23
22 23
23 25
23 31
23 33
24 25
25 26
25 27
25 28
25 29
26 35
27 35
28 35
29 35
30 31
31 32
32 35
33 34
34 35
35 36
35 44
35 48
35 51
35 53
35 56
35 60
35 61
35 62
36 37
37 38
38 39
39 40
40 42
41 42
42 43
43 50
44 45
45 46
46 47
47 50
48 49
49 50
51 52
52 54
53 54
54 55
57 58
58 59
59 60
61 65
62 63
63 64
64 65
64 66
64 67
