70
17 1 17 5 16 6 15 10 1 10
66 Inf 6 32 22 48 52 6 18 64
54 13 34 41 53 11 32 54 46 10
52 15 8 40 1 13 Inf 47 22 39
6 2 1 6 5 3 2 4 Inf 5
88 70 45 22 78 70 67 Inf 77 Inf
21 16 3 21 20 7 2 20 2 Inf
128 119 51 46 Inf 99 71 104 117 3
68 Inf 39 Inf 67 1 4 38 50 33
70 31 27 34 18 24 37 44 68 49
85 70 Inf 82 72 4 25 Inf 27 51
21 9 17 14 7 10 Inf 18 17 2
134 83 32 56 27 Inf 90 57 94 37
135 13 16 79 Inf 1 28 58 119 79
94 Inf 35 27 60 38 94 67 31 60
90 Inf 35 90 25 34 44 32 77 86
50 12 45 13 Inf 27 13 26 Inf Inf
143 58 33 23 118 29 20 104 9 100
19 9 18 16 2 12 3 15 8 Inf
54 21 7 48 Inf 21 12 47 48 2
50 13 44 26 Inf Inf 31 16 7 36
40 7 11 34 1 26 11 10 Inf 15
73 20 40 40 57 38 63 53 8 Inf
12 1 11 9 12 7 2 3 5 11
152 126 137 42 30 106 87 98 81 Inf
42 7 16 27 42 29 31 15 42 1
45 19 40 12 22 Inf Inf 40 9 14
74 52 56 41 51 61 19 32 59 31
26 Inf 26 24 16 17 2 16 12 Inf
11 8 1 3 10 4 Inf 8 5 4
31 22 28 21 31 16 4 3 Inf 30
50 12 20 Inf 20 32 Inf 49 4 28
102 8 6 86 33 22 71 88 67 36
46 36 9 24 12 2 3 33 31 Inf
35 30 11 27 5 16 7 13 19 18
40 Inf Inf 4 20 9 4 29 39 3
2 1 1 1 1 2 2 2 2 2
1 1 Inf 1 Inf 1 1 1 1 1
3 3 Inf 1 1 2 2 2 1 3
13 5 8 4 6 Inf Inf 5 Inf 5
16 8 1 11 Inf Inf 1 10 11 Inf
25 9 9 10 7 3 1 4 8 9
21 4 8 1 4 16 6 2 5 Inf
43 33 11 9 42 Inf 4 20 23 4
30 Inf 10 16 16 Inf 29 6 Inf 2
83 56 38 54 35 28 53 Inf 40 24
89 21 Inf 74 33 Inf 17 89 80 87
56 51 23 29 Inf 21 46 28 17 50
59 27 40 16 15 40 43 44 16 56
43 11 15 39 25 2 22 12 Inf 33
11 4 6 8 10 2 7 8 Inf 3
26 Inf 3 10 Inf 20 18 10 11 21
44 2 43 31 5 6 14 3 40 2
121 118 67 56 28 99 Inf 93 Inf 70
38 37 11 2 Inf 1 28 23 6 7
68 9 26 7 33 47 34 17 40 20
22 19 1 12 6 Inf 9 7 13 2
7 3 2 Inf 1 6 Inf 2 1 4
16 13 Inf 3 2 9 12 8 5 5
32 1 22 9 31 2 27 Inf 6 8
25 23 10 11 4 21 11 22 1 11
27 18 24 12 5 Inf 18 13 9 13
156 121 65 12 92 21 9 Inf 142 55
28 18 9 Inf Inf Inf 4 28 16 28
15 7 12 8 11 7 Inf 3 5 Inf
26 12 11 2 7 20 16 9 10 7
18 Inf 17 17 11 6 18 14 13 16
72 12 59 40 3 45 14 60 24 9
23 1 21 6 11 10 Inf Inf 6 5
27 13 24 Inf 8 26 26 16 26 26
1 2
1 41
1 69
1 70
2 3
3 4
3 68
4 6
4 7
5 6
5 24
5 30
6 8
7 8
8 12
9 10
10 11
11 12
12 13
12 14
13 23
14 23
15 16
16 17
16 18
17 19
18 19
19 20
19 22
19 57
20 21
21 23
22 23
23 25
23 31
23 33
24 25
25 26
25 27
25 28
25 29
26 35
27 35
28 35
29 35
30 31
31 32
32 35
33 34
34 35
35 36
35 44
35 48
35 51
35 53
35 56
35 60
35 61
35 62
36 37
37 38
38 39
39 40
40 42
41 42
42 43
43 50
44 45
45 46
46 47
47 50
48 49
49 50
51 52
52 54
53 54
54 55
57 58
58 59
59 60
61 65
62 63
63 64
64 65
64 66
64 67
