70
17 5 16 13 12 26 9 20 6 21
66 8 117 119 33 22 73 108 77 63
54 11 56 87 93 Inf 40 27 76 63
52 34 Inf 73 89 18 3 94 99 23
6 4 9 1 5 4 2 4 Inf 1
88 153 68 148 142 Inf 145 78 1 25
21 10 29 34 11 21 35 7 1 17
128 72 97 Inf Inf 75 170 8 243 207
68 25 29 58 13 48 Inf 60 57 Inf
70 49 77 8 Inf 140 Inf 43 63 19
85 2 146 87 82 84 142 151 18 61
21 10 37 Inf 6 20 25 23 33 Inf
134 57 195 8 122 259 135 216 23 263
135 191 137 74 Inf 51 143 226 Inf 174
94 Inf 48 43 27 127 51 Inf 175 113
90 5 176 Inf Inf 160 34 17 51 84
50 Inf 73 20 64 90 47 68 25 15
143 130 179 284 153 234 23 178 27 154
19 35 3 13 35 28 4 13 2 35
54 17 34 Inf 56 8 24 32 106 64
50 76 84 79 24 5 Inf 40 Inf Inf
40 57 53 52 Inf 9 11 74 76 Inf
73 9 15 86 73 110 56 64 Inf 86
12 13 9 7 Inf 15 9 1 6 5
152 Inf 96 Inf 284 123 53 Inf 32 163
42 63 42 60 Inf 58 57 43 25 70
45 82 14 4 57 8 64 Inf 85 20
74 131 46 81 127 19 Inf 12 143 120
26 51 49 Inf 1 40 28 Inf 38 14
11 4 3 4 8 16 19 8 18 Inf
31 10 Inf 1 23 51 30 44 23 50
50 98 11 Inf 16 33 Inf 29 96 40
102 55 Inf Inf 66 9 28 96 112 14
46 88 16 47 Inf 41 49 18 73 50
35 Inf 62 62 Inf Inf 55 20 37 27
40 28 64 Inf 26 36 10 Inf 71 27
2 3 3 2 1 3 3 1 2 2
1 2 Inf Inf 2 2 2 2 Inf Inf
3 6 2 4 3 3 3 2 2 2
13 6 24 4 10 4 25 5 24 6
16 9 3 19 32 4 6 21 Inf 2
25 11 3 26 46 8 8 11 7 3
21 34 Inf 26 1 37 31 17 7 32
43 Inf 74 77 31 10 Inf 19 Inf 64
30 4 26 33 49 34 4 36 Inf 11
83 133 29 13 151 8 67 45 163 56
89 156 128 88 41 Inf Inf 117 64 43
56 41 110 9 32 107 96 27 74 78
59 88 73 48 117 74 Inf 112 30 4
43 Inf 10 21 Inf 33 75 81 82 73
11 12 17 2 5 19 Inf 11 2 11
26 3 32 5 50 14 7 37 34 20
44 45 31 48 21 Inf 22 83 60 11
121 182 198 Inf 159 222 107 163 37 41
38 40 42 59 22 34 47 8 54 50
68 Inf 29 Inf 98 31 Inf 2 119 65
22 Inf 27 1 20 Inf 7 37 Inf 5
7 4 10 11 9 Inf 8 12 11 7
16 3 26 6 10 31 32 2 Inf Inf
32 Inf Inf 45 19 14 15 22 38 4
25 35 10 31 5 37 1 37 28 7
27 4 16 19 1 6 12 48 17 Inf
156 40 169 14 230 268 46 62 79 223
28 25 Inf 48 21 6 Inf 31 17 18
15 23 23 3 Inf 25 13 30 22 5
26 12 Inf 32 9 27 5 42 5 6
18 19 28 32 32 8 21 7 6 3
72 10 59 14 115 120 4 92 102 47
23 26 Inf 1 1 35 30 2 12 45
27 42 33 Inf 32 52 Inf 52 39 45
1 2
1 41
1 69
1 70
2 3
3 4
3 68
4 6
4 7
5 6
5 24
5 30
6 8
7 8
8 12
9 10
10 11
11 12
12 13
12 14
13 23
14 23
15 16
16 17
16 18
17 19
18 19
19 20
19 22
19 57
20 21
21 23
22 23
23 25
23 31
23 33
24 25
25 26
25 27
25 28
25 29
26 35
27 35
28 35
29 35
30 31
31 32
32 35
33 34
34 35
35 36
35 44
35 48
35 51
35 53
35 56
35 60
35 61
35 62
36 37
37 38
38 39
39 40
40 42
41 42
42 43
43 50
44 45
45 46
46 47
47 50
48 49
49 50
51 52
52 54
53 54
54 55
57 58
58 59
59 60
61 65
62 63
63 64
64 65
64 66
64 67
