70
17 8 5 4 15 8 2 9 10 3 4 11 4 4 16 15 3
66 32 54 Inf 8 59 38 63 4 25 29 15 53 Inf 12 43 12
54 32 50 Inf 15 17 27 38 20 42 41 30 23 42 19 39 9
52 30 49 Inf 14 16 7 45 Inf 31 17 39 Inf 3 12 Inf 46
6 2 Inf 1 2 1 Inf Inf 6 3 1 4 2 Inf 3 3 4
88 82 7 23 66 23 37 18 12 44 22 10 47 26 11 85 88
21 2 1 Inf 7 5 1 18 11 6 15 14 21 3 8 9 21
128 68 81 Inf 53 Inf 113 33 Inf 52 20 22 26 97 Inf 90 19
68 44 68 60 44 68 7 38 9 22 13 Inf 27 Inf 6 32 59
70 Inf 28 59 70 36 5 38 Inf 28 10 68 60 66 43 69 13
85 49 77 53 13 16 39 22 68 17 Inf 10 30 54 67 Inf 13
21 14 18 8 14 3 9 4 3 5 18 Inf Inf 20 Inf 4 10
134 129 91 14 10 53 49 26 29 126 33 12 77 87 31 20 77
135 69 52 20 74 99 99 20 5 33 52 128 22 Inf 117 108 31
94 64 Inf Inf Inf 68 17 55 40 68 43 63 38 Inf 8 29 21
90 16 48 69 75 8 85 1 19 Inf 62 Inf Inf 15 Inf 22 90
50 39 10 28 8 39 Inf 19 34 6 30 47 14 44 Inf 9 42
143 40 7 65 37 27 120 Inf 18 134 85 48 6 35 Inf 69 27
19 16 5 4 11 8 13 17 9 1 Inf 6 5 1 14 5 5
54 12 35 54 21 7 48 21 52 39 16 36 Inf 11 42 39 30
50 48 30 11 50 35 22 50 Inf 2 50 30 18 4 Inf 17 42
40 25 22 9 10 17 24 28 8 26 14 Inf 7 11 9 38 33
73 72 43 73 7 71 Inf 20 46 1 67 56 45 1 29 13 25
12 9 Inf 4 5 8 6 Inf 5 6 12 2 Inf 1 9 Inf 11
152 63 Inf 125 74 Inf 23 22 76 Inf 3 8 73 12 134 39 139
42 12 26 17 39 Inf 10 15 18 24 Inf 9 Inf 18 Inf 1 15
45 44 Inf 4 22 2 Inf 17 9 39 Inf 33 Inf 26 1 18 30
74 41 Inf Inf 26 61 63 3 27 29 Inf 18 40 10 42 2 60
26 24 10 3 1 7 7 24 Inf 5 15 9 Inf Inf 10 9 1
11 2 2 9 5 10 2 5 2 Inf 8 5 11 11 1 4 10
31 1 9 15 4 26 28 16 5 23 4 Inf 15 16 26 18 20
50 9 Inf 16 1 15 40 17 14 Inf 27 22 40 5 Inf 50 2
102 73 94 1 100 100 41 91 47 7 65 83 87 Inf 43 Inf 72
46 38 20 Inf 7 12 Inf 1 42 41 24 8 40 24 7 7 34
35 20 Inf Inf 4 7 14 3 12 29 2 9 18 4 19 18 2
40 32 21 30 5 Inf 9 2 38 5 14 36 21 Inf 22 4 3
2 Inf 1 1 Inf 1 1 1 2 2 2 1 Inf 1 1 Inf 2
1 1 1 1 1 1 1 1 1 1 Inf 1 1 1 Inf 1 Inf
3 1 1 3 Inf 2 2 1 2 3 2 1 2 3 1 3 3
13 Inf 5 5 4 10 1 11 Inf 13 4 9 12 11 4 9 9
16 16 10 16 16 5 13 13 7 Inf 8 5 12 5 3 13 13
25 Inf 2 15 7 2 Inf 16 16 13 23 21 Inf 10 9 6 Inf
21 5 Inf 14 Inf 10 13 2 16 21 15 4 15 15 18 19 12
43 42 1 43 2 33 11 41 Inf 8 17 30 29 17 42 4 29
30 7 Inf 23 Inf 8 18 3 10 15 12 20 24 Inf 6 Inf 30
83 29 26 13 14 78 52 28 10 13 53 Inf 71 7 57 11 18
89 84 Inf 87 16 86 61 46 45 35 53 68 38 3 9 7 80
56 51 5 47 Inf 13 43 34 27 48 30 40 Inf 32 23 40 26
59 33 26 20 31 Inf 50 48 26 58 38 59 39 14 49 9 2
43 42 5 14 36 27 34 43 18 11 40 32 Inf 39 2 34 10
11 9 4 6 9 11 2 3 11 2 7 1 9 5 1 5 3
26 Inf 4 2 6 Inf 22 Inf 6 6 Inf 20 Inf 5 20 16 4
44 5 29 32 Inf Inf 39 25 13 36 36 1 3 Inf 32 7 31
121 Inf Inf 61 76 Inf Inf 85 119 115 9 6 53 108 112 100 95
38 17 11 Inf 16 Inf 15 8 9 20 13 1 28 19 Inf 25 30
68 5 13 17 59 44 Inf Inf 19 Inf 59 13 Inf 13 Inf 9 34
22 12 21 15 Inf 4 21 4 14 19 5 Inf 19 19 19 18 Inf
7 Inf 6 5 Inf 7 3 6 7 2 7 6 1 3 6 1 6
16 Inf 12 5 12 16 15 7 7 1 2 2 14 12 8 12 3
32 21 5 27 32 Inf Inf 21 13 11 8 3 Inf 32 Inf 30 23
25 Inf 22 3 7 Inf Inf 6 7 14 18 10 3 8 Inf Inf 18
27 26 Inf 19 6 22 10 25 16 18 16 27 24 3 20 2 11
156 135 151 114 141 15 11 8 141 65 71 43 49 141 92 16 Inf
28 2 28 14 14 17 5 4 3 25 5 Inf 4 16 14 3 24
15 8 11 8 5 Inf 3 2 10 2 6 1 4 4 5 12 9
26 Inf 25 11 14 Inf 20 22 16 19 Inf 8 23 10 3 Inf Inf
18 13 6 Inf 14 Inf 8 13 3 7 14 6 Inf 7 4 2 8
72 4 46 Inf 69 63 5 63 7 40 35 64 2 Inf 16 Inf 25
23 21 4 4 5 16 1 5 12 5 16 5 11 16 13 4 2
27 6 11 16 14 20 5 6 8 23 20 22 22 1 7 Inf 25
1 2
1 41
1 69
1 70
2 3
3 4
3 68
4 6
4 7
5 6
5 24
5 30
6 8
7 8
8 12
9 10
10 11
11 12
12 13
12 14
13 23
14 23
15 16
16 17
16 18
17 19
18 19
19 20
19 22
19 57
20 21
21 23
22 23
23 25
23 31
23 33
24 25
25 26
25 27
25 28
25 29
26 35
27 35
28 35
29 35
30 31
31 32
32 35
33 34
34 35
35 36
35 44
35 48
35 51
35 53
35 56
35 60
35 61
35 62
36 37
37 38
38 39
39 40
40 42
41 42
42 43
43 50
44 45
45 46
46 47
47 50
48 49
49 50
51 52
52 54
53 54
54 55
57 58
58 59
59 60
61 65
62 63
63 64
64 65
64 66
64 67
