70
17 Inf 7 13 17 2 Inf Inf 12 Inf 9 3 9 15 8 1 3
66 34 24 12 21 25 65 66 32 15 17 16 7 65 40 60 22
54 47 37 Inf 37 29 51 30 37 48 17 Inf 44 39 2 16 29
52 4 19 Inf 30 3 Inf 23 26 46 7 7 10 43 21 41 Inf
6 2 5 5 5 2 2 1 2 4 1 4 5 4 3 4 Inf
88 Inf 68 78 60 53 13 10 41 70 70 Inf Inf 81 53 24 21
21 Inf 9 18 Inf 16 8 18 14 9 12 11 16 3 5 Inf 20
128 19 19 5 16 34 26 105 78 9 Inf 9 97 7 65 11 84
68 6 43 51 Inf 16 Inf 46 Inf 55 28 Inf 58 60 Inf 44 33
70 68 12 10 52 9 66 42 56 51 Inf 18 27 5 63 11 40
85 10 9 46 4 13 64 7 Inf 20 62 28 6 12 53 48 67
21 8 2 17 21 4 9 10 18 12 Inf Inf 8 6 17 16 Inf
134 114 97 110 73 103 66 13 113 9 Inf 58 65 104 6 58 87
135 6 117 89 6 63 117 Inf 73 121 42 86 14 30 56 61 53
94 73 16 61 43 24 52 64 77 65 64 Inf 49 16 83 66 10
90 80 Inf 36 56 2 4 67 17 24 27 64 58 88 58 5 43
50 2 2 Inf 27 21 28 17 Inf 24 22 Inf 13 45 49 46 35
143 Inf Inf 63 44 25 125 71 Inf 33 130 7 119 94 59 141 Inf
19 4 17 17 19 17 5 19 1 5 9 5 18 18 13 10 3
54 19 26 35 7 Inf 9 15 25 19 24 46 12 2 17 38 17
50 28 35 13 26 Inf 11 23 Inf Inf 18 41 4 39 18 31 41
40 33 Inf 8 26 3 15 26 8 36 3 31 27 8 33 Inf 39
73 Inf Inf 17 51 Inf 35 27 5 4 66 54 31 Inf 37 47 14
12 6 Inf 3 8 7 4 2 Inf 12 11 12 9 12 12 6 12
152 47 115 6 33 101 60 123 35 128 Inf 106 43 32 123 66 11
42 13 3 39 38 5 5 13 39 3 39 Inf 2 4 13 7 11
45 Inf 13 19 35 2 11 8 21 14 4 10 18 Inf 2 20 9
74 66 7 11 18 27 8 50 2 7 45 67 8 72 Inf 1 40
26 19 14 1 5 24 9 20 Inf 16 3 1 22 13 16 20 25
11 11 Inf 4 9 8 3 2 4 11 3 8 1 5 Inf 9 Inf
31 31 5 5 Inf 28 14 24 8 20 26 4 9 16 8 9 24
50 3 45 21 35 40 Inf Inf 28 28 Inf 27 48 Inf 6 20 38
102 47 84 Inf 12 13 47 43 55 Inf 10 75 57 70 38 37 50
46 30 42 23 5 36 12 40 30 19 5 30 42 Inf 41 5 28
35 9 17 26 21 16 13 17 32 17 7 Inf 32 Inf Inf 8 30
40 24 33 Inf 32 36 5 12 Inf 34 35 26 7 40 30 10 4
2 2 2 2 2 1 1 Inf 1 2 2 2 2 2 1 1 2
1 Inf 1 1 1 1 1 1 1 1 1 1 1 1 1 1 1
3 2 3 1 2 1 2 2 1 3 Inf 2 2 Inf 2 3 2
13 9 12 7 10 10 3 1 4 11 1 3 12 10 12 13 5
16 2 2 10 13 Inf Inf 1 15 16 15 10 Inf 11 9 1 4
25 10 7 11 13 20 4 Inf 23 13 20 16 Inf 23 1 4 2
21 5 11 4 16 17 20 20 14 Inf 3 15 5 19 6 9 8
43 32 42 4 23 Inf 34 42 28 Inf 22 40 Inf 4 24 12 2
30 Inf 29 29 12 7 22 13 9 30 19 14 17 Inf Inf 15 9
83 Inf 73 18 71 44 19 48 53 20 61 31 80 53 82 25 23
89 22 10 88 39 Inf 66 Inf Inf 86 76 Inf 65 23 77 37 6
56 25 5 50 54 29 3 6 45 24 1 31 44 44 37 10 25
59 48 10 Inf 26 29 36 56 54 27 Inf 11 9 12 37 Inf 30
43 15 43 26 31 21 30 25 25 43 23 Inf 3 Inf 1 36 33
11 7 3 9 Inf 4 1 8 4 1 11 1 9 6 10 8 4
26 6 3 5 23 22 18 21 13 3 4 2 14 11 11 Inf 14
44 Inf 34 44 Inf 12 18 42 29 25 13 9 Inf Inf 32 25 30
121 39 19 Inf 31 111 60 37 7 83 3 Inf 106 60 6 31 105
38 Inf 7 3 11 23 9 15 32 35 16 4 30 5 9 4 37
68 67 25 44 25 51 63 45 9 61 52 15 56 34 Inf 34 Inf
22 Inf 14 3 2 19 14 2 20 17 4 17 21 10 11 19 13
7 7 3 5 3 5 7 Inf 2 4 4 2 4 2 Inf 6 6
16 12 Inf 12 11 2 Inf 2 9 10 3 7 10 7 14 9 11
32 20 5 25 28 4 14 27 9 25 Inf 22 18 10 21 Inf 3
25 23 20 8 4 Inf 4 2 2 16 11 9 Inf 21 5 6 Inf
27 5 25 Inf 16 27 14 20 8 7 2 10 Inf 15 10 25 23
156 88 94 132 66 Inf 62 Inf 31 71 4 9 135 22 120 Inf 156
28 17 9 24 6 21 5 18 7 24 4 22 10 26 Inf Inf 17
15 Inf 2 1 12 8 7 10 15 11 6 15 5 7 12 8 Inf
26 Inf 19 1 4 26 16 4 15 13 21 Inf 8 3 22 16 7
18 4 13 2 Inf Inf 1 18 2 3 3 3 14 Inf 3 16 18
72 Inf 66 39 6 11 44 33 16 6 59 44 7 43 25 24 59
23 2 20 12 20 21 23 3 3 Inf 7 7 10 20 3 13 20
27 17 Inf 3 25 17 3 13 25 3 20 13 10 22 2 24 Inf
1 2
1 41
1 69
1 70
2 3
3 4
3 68
4 6
4 7
5 6
5 24
5 30
6 8
7 8
8 12
9 10
10 11
11 12
12 13
12 14
13 23
14 23
15 16
16 17
16 18
17 19
18 19
19 20
19 22
19 57
20 21
21 23
22 23
23 25
23 31
23 33
24 25
25 26
25 27
25 28
25 29
26 35
27 35
28 35
29 35
30 31
31 32
32 35
33 34
34 35
35 36
35 44
35 48
35 51
35 53
35 56
35 60
35 61
35 62
36 37
37 38
38 39
39 40
40 42
41 42
42 43
43 50
44 45
45 46
46 47
47 50
48 49
49 50
51 52
52 54
53 54
54 55
57 58
58 59
59 60
61 65
62 63
63 64
64 65
64 66
64 67
