70
17 13 8 4 13 7 15 Inf Inf 15 5 Inf 3 4 7 17 13
66 10 16 40 41 23 12 42 19 59 51 52 60 12 20 10 54
54 16 20 11 37 31 26 33 26 48 4 35 46 31 52 11 26
52 6 46 10 15 51 Inf 16 41 12 9 Inf 18 45 42 6 9
6 5 3 2 4 1 4 4 4 1 5 1 3 6 1 5 3
88 72 40 Inf 59 60 72 21 79 Inf Inf 39 18 79 53 65 9
21 5 6 3 16 15 Inf 15 8 3 16 3 21 3 11 8 3
128 65 Inf 128 Inf 10 82 5 Inf 66 3 119 49 17 27 86 31
68 16 5 Inf 57 43 30 34 32 6 5 1 66 Inf 65 38 58
70 17 22 18 65 11 52 14 59 61 16 61 Inf Inf Inf 14 11
85 Inf 8 23 75 11 22 67 85 78 80 8 37 34 62 12 43
21 15 17 6 3 6 Inf 1 1 9 Inf 11 13 3 6 14 10
134 36 44 118 12 85 13 34 85 121 114 59 88 84 Inf 34 14
135 106 88 75 130 Inf 121 43 82 15 Inf 106 6 71 72 118 135
94 48 Inf 7 46 37 71 62 64 Inf 17 20 13 81 52 55 69
90 15 Inf 59 52 50 61 33 37 11 76 55 34 14 84 86 78
50 34 14 16 1 44 25 13 42 45 48 38 Inf Inf 38 37 28
143 25 116 94 65 8 139 Inf 34 14 12 128 16 111 Inf 21 21
19 18 11 11 19 6 13 5 3 8 16 4 13 16 13 2 Inf
54 43 17 27 38 25 52 37 37 28 54 34 47 14 7 6 52
50 5 12 39 Inf 45 29 Inf 42 13 25 47 39 2 27 3 36
40 Inf 4 11 22 12 8 30 9 29 27 38 Inf 25 19 15 4
73 19 9 28 67 11 41 Inf 30 29 29 6 53 3 39 36 43
12 6 2 Inf 5 1 1 1 1 10 1 10 12 9 7 4 6
152 102 75 145 Inf 146 89 63 18 60 80 152 73 7 62 Inf 8
42 Inf 15 6 14 3 9 Inf 15 19 41 7 28 Inf 41 37 Inf
45 2 31 40 12 Inf 15 Inf 1 8 12 38 Inf 17 27 18 Inf
74 49 Inf 39 67 28 20 60 21 59 45 70 18 5 30 Inf 19
26 23 17 4 4 5 12 8 13 26 17 11 11 18 3 18 Inf
11 8 7 3 3 3 6 Inf 1 10 6 Inf 11 3 3 1 6
31 2 Inf 15 19 Inf 21 3 13 10 Inf 20 11 25 2 22 31
50 14 44 36 26 25 10 18 Inf 39 Inf 36 46 7 46 14 22
102 7 3 83 7 79 89 88 96 Inf 12 Inf 66 Inf 50 44 Inf
46 16 36 26 7 4 27 43 34 11 Inf 26 Inf 15 12 11 Inf
35 22 35 31 13 3 18 24 14 10 32 Inf 15 15 30 16 22
40 Inf 30 9 12 26 14 1 17 Inf Inf 34 34 7 Inf 2 16
2 1 2 2 2 Inf Inf 1 2 2 2 1 1 1 2 1 Inf
1 1 1 1 1 1 1 1 1 1 1 1 1 1 1 1 1
3 2 2 2 3 3 1 2 Inf 1 1 2 2 Inf 3 Inf 1
13 8 13 1 6 6 2 3 12 Inf 3 5 5 13 5 1 Inf
16 Inf 3 4 3 Inf Inf 15 14 Inf 14 12 16 6 3 Inf Inf
25 12 11 6 6 5 4 9 1 16 17 10 17 22 20 14 22
21 6 3 8 Inf 2 2 18 15 Inf 2 14 Inf 17 7 2 21
43 30 Inf 38 22 25 33 8 12 3 8 7 42 7 Inf 1 34
30 Inf 5 20 16 28 Inf 12 Inf Inf 23 17 9 9 Inf 9 21
83 28 8 46 56 3 44 75 14 Inf 26 56 64 54 79 33 18
89 Inf 13 83 60 11 63 77 1 74 42 78 Inf 81 76 12 Inf
56 20 Inf 42 9 38 52 6 46 43 45 43 40 10 Inf 20 Inf
59 26 6 58 12 6 59 41 47 59 Inf 24 44 49 8 4 58
43 16 7 12 7 10 31 25 33 38 28 33 15 34 39 18 Inf
11 Inf 7 Inf 5 2 Inf 10 3 9 2 7 Inf 2 6 4 10
26 1 5 Inf 2 1 3 16 15 13 9 5 13 16 5 25 13
44 44 29 41 43 15 40 9 36 2 40 20 21 9 13 1 13
121 87 113 13 13 3 77 84 38 32 81 79 91 47 71 30 46
38 18 32 19 18 23 5 13 14 35 Inf 28 29 17 Inf 22 16
68 25 19 49 7 44 50 50 21 64 61 9 67 18 26 Inf 54
22 13 3 11 13 18 7 Inf Inf 10 2 5 19 11 20 17 21
7 3 2 1 1 2 7 7 5 3 2 1 Inf 5 Inf 5 5
16 7 2 9 Inf 7 2 12 6 2 14 2 6 Inf 15 7 7
32 17 4 9 20 27 32 5 25 24 9 27 1 Inf 29 1 20
25 21 2 16 21 17 Inf 6 3 4 5 24 1 7 4 24 21
27 Inf Inf 22 21 14 Inf 9 9 27 13 18 8 15 5 11 7
156 144 Inf 33 144 13 28 40 6 84 19 98 100 145 112 143 51
28 28 20 8 3 4 Inf 26 13 Inf Inf 22 22 16 12 6 22
15 4 12 13 13 13 3 11 6 2 4 8 3 7 Inf 6 5
26 6 Inf 3 1 6 18 15 9 4 4 14 9 5 7 Inf 12
18 Inf 8 Inf 16 3 Inf 17 3 13 8 2 8 3 9 15 17
72 24 65 14 2 7 1 10 10 13 7 49 64 61 61 39 18
23 21 5 2 8 6 5 14 Inf Inf Inf 2 2 6 19 Inf 21
27 17 24 26 15 20 Inf 11 2 7 9 17 10 20 23 7 11
1 2
1 41
1 69
1 70
2 3
3 4
3 68
4 6
4 7
5 6
5 24
5 30
6 8
7 8
8 12
9 10
10 11
11 12
12 13
12 14
13 23
14 23
15 16
16 17
16 18
17 19
18 19
19 20
19 22
19 57
20 21
21 23
22 23
23 25
23 31
23 33
24 25
25 26
25 27
25 28
25 29
26 35
27 35
28 35
29 35
30 31
31 32
32 35
33 34
34 35
35 36
35 44
35 48
35 51
35 53
35 56
35 60
35 61
35 62
36 37
37 38
38 39
39 40
40 42
41 42
42 43
43 50
44 45
45 46
46 47
47 50
48 49
49 50
51 52
52 54
53 54
54 55
57 58
58 59
59 60
61 65
62 63
63 64
64 65
64 66
64 67
