70
17 16 3 7 Inf 3 16 8 4 3 14 3 14 17 3 14 1
66 3 3 19 10 33 43 46 20 Inf 28 Inf 14 15 11 25 37
54 26 1 4 8 15 31 9 27 25 23 11 38 Inf 10 Inf Inf
52 35 10 Inf 8 Inf Inf 27 Inf 48 30 Inf 23 6 Inf 29 15
6 2 2 4 1 3 5 1 Inf Inf Inf 6 2 1 3 6 3
88 65 64 Inf Inf 56 2 Inf 1 54 81 28 80 Inf 26 8 43
21 10 9 18 9 20 5 Inf 8 Inf 14 21 14 6 21 17 2
128 74 Inf 54 Inf 44 111 29 109 42 98 4 55 26 82 70 Inf
68 36 32 39 26 11 Inf 68 15 30 48 Inf 52 59 43 3 26
70 61 67 4 50 41 35 16 1 5 22 53 25 20 15 21 35
85 83 32 6 Inf 84 2 84 60 17 82 6 54 74 Inf 49 81
21 5 3 16 Inf 17 4 20 9 20 15 3 16 17 1 7 17
134 90 99 95 87 29 64 106 55 125 112 40 83 77 86 61 Inf
135 47 82 99 58 45 43 24 72 90 104 42 132 Inf 113 108 89
94 Inf 50 74 61 2 68 36 Inf 18 57 Inf 16 19 16 13 66
90 74 62 72 67 17 45 85 Inf 33 39 50 49 14 65 Inf 35
50 43 18 34 42 33 28 27 31 Inf 6 38 45 38 17 36 35
143 49 38 Inf 119 141 62 13 87 5 84 75 48 127 20 Inf 25
19 14 4 14 17 Inf 5 18 2 17 18 4 5 10 9 7 2
54 28 7 29 10 48 21 6 13 4 4 6 49 45 38 7 16
50 50 44 11 4 50 21 31 15 40 7 Inf 1 48 48 Inf 26
40 1 28 21 25 21 32 35 1 26 33 23 5 33 3 30 15
73 43 13 38 46 10 6 19 32 34 56 14 32 8 21 26 64
12 3 Inf 12 8 11 3 8 9 9 11 10 4 8 8 Inf 12
152 35 99 2 4 Inf 47 98 40 81 30 Inf 52 148 131 35 128
42 2 Inf 4 15 1 3 37 11 27 12 29 20 15 Inf Inf 19
45 7 13 12 34 26 29 8 Inf 5 8 32 7 35 Inf 20 26
74 7 Inf 19 39 17 Inf 69 5 48 59 17 1 5 37 2 68
26 14 7 3 22 15 5 12 7 15 16 20 13 3 Inf 17 12
11 1 7 8 1 1 9 10 4 8 7 4 6 Inf 2 Inf 6
31 2 21 11 30 13 5 18 Inf 22 31 22 25 27 Inf 1 7
50 4 5 Inf 50 48 29 2 1 43 2 Inf 38 36 Inf 14 46
102 26 98 45 37 89 97 64 79 50 100 51 12 10 52 35 42
46 Inf 18 36 7 5 25 42 23 9 38 39 17 25 Inf 46 Inf
35 1 21 13 2 31 10 10 4 16 Inf 8 17 12 11 14 1
40 23 34 Inf 17 6 29 40 Inf 21 10 32 6 4 Inf 7 29
2 Inf 1 1 2 1 1 2 2 2 2 Inf 1 2 1 2 2
1 1 1 1 1 1 1 1 1 1 1 1 1 1 1 1 1
3 3 1 2 1 3 2 1 1 Inf 1 2 1 1 1 3 3
13 7 2 Inf 9 1 12 12 13 11 6 8 1 Inf 9 5 2
16 13 14 9 3 4 9 11 12 13 10 14 7 16 3 8 16
25 19 24 16 7 25 4 Inf Inf 15 7 Inf 21 19 8 6 22
21 Inf 2 18 Inf Inf 6 18 18 11 4 16 6 10 11 11 Inf
43 35 1 37 7 10 2 26 22 24 9 27 5 11 Inf 5 36
30 19 29 1 13 28 6 27 14 17 15 29 17 29 15 11 5
83 23 24 6 Inf 14 49 13 22 Inf 7 45 62 Inf 37 75 77
89 54 75 5 18 33 70 14 18 17 32 3 81 16 78 Inf Inf
56 51 Inf 21 Inf 27 20 54 11 42 23 Inf 15 21 23 35 23
59 7 56 38 Inf 1 51 58 44 38 7 25 42 58 5 56 10
43 28 11 31 24 36 9 6 30 3 6 21 23 38 24 Inf 9
11 8 11 1 4 Inf Inf 6 2 2 1 8 5 1 2 5 4
26 11 16 24 16 9 7 16 1 22 Inf 17 Inf 18 Inf 5 23
44 19 21 31 42 Inf 41 43 6 11 4 35 1 39 9 3 23
121 71 101 89 37 29 Inf 32 7 88 57 13 8 72 19 117 90
38 33 28 32 24 Inf 20 34 Inf 34 25 29 33 9 10 19 29
68 35 32 50 8 26 15 42 37 44 56 Inf 50 28 10 14 28
22 4 2 Inf 5 18 14 6 Inf 6 21 6 4 21 11 Inf Inf
7 3 5 3 7 7 7 Inf 1 Inf 5 Inf 6 4 7 1 6
16 6 8 2 2 Inf 11 12 7 16 Inf 3 8 Inf 15 4 11
32 22 23 9 12 3 22 20 16 14 7 28 11 13 2 Inf 4
25 1 22 24 16 8 21 4 24 5 Inf 21 Inf 23 22 15 4
27 25 7 4 Inf 20 23 3 Inf 4 27 24 19 Inf 2 13 2
156 5 16 53 112 Inf 53 63 69 141 63 102 41 117 37 Inf 13
28 Inf 26 23 2 9 Inf 20 10 1 8 2 2 13 Inf 6 12
15 11 9 9 10 14 9 Inf 4 Inf 13 8 2 7 10 15 11
26 18 8 7 23 5 12 13 13 5 21 19 9 6 26 Inf 16
18 Inf 11 2 2 Inf 9 Inf 12 11 Inf 18 18 Inf 5 1 5
72 33 29 58 2 3 67 16 14 49 11 29 3 39 19 48 Inf
23 3 9 18 15 4 18 13 2 16 7 5 6 Inf 3 8 15
27 23 20 12 7 22 20 14 10 14 26 11 22 Inf 6 8 27
1 2
1 41
1 69
1 70
2 3
3 4
3 68
4 6
4 7
5 6
5 24
5 30
6 8
7 8
8 12
9 10
10 11
11 12
12 13
12 14
13 23
14 23
15 16
16 17
16 18
17 19
18 19
19 20
19 22
19 57
20 21
21 23
22 23
23 25
23 31
23 33
24 25
25 26
25 27
25 28
25 29
26 35
27 35
28 35
29 35
30 31
31 32
32 35
33 34
34 35
35 36
35 44
35 48
35 51
35 53
35 56
35 60
35 61
35 62
36 37
37 38
38 39
39 40
40 42
41 42
42 43
43 50
44 45
45 46
46 47
47 50
48 49
49 50
51 52
52 54
53 54
54 55
57 58
58 59
59 60
61 65
62 63
63 64
64 65
64 66
64 67
