70
17 17 9 Inf 7 13 2 11 8 15 8 1 5 1 16 1 5
66 30 1 15 64 42 41 36 32 35 41 Inf 8 52 Inf 65 4
54 49 4 16 10 10 6 26 47 50 Inf 11 36 2 7 54 27
52 35 9 22 41 8 43 11 23 38 40 Inf Inf 31 19 7 46
6 3 4 5 5 4 1 6 6 2 4 5 4 4 2 6 5
88 33 71 72 39 7 76 1 88 43 21 55 61 63 35 22 15
21 16 5 3 6 14 2 10 2 20 18 21 18 6 17 7 7
128 34 65 Inf 10 97 Inf 68 98 33 66 76 47 36 89 127 107
68 23 60 51 14 47 7 3 42 Inf 29 57 27 68 47 68 29
70 48 25 39 62 64 Inf 70 17 50 62 15 Inf 42 9 6 30
85 46 54 56 35 82 5 52 16 10 7 61 55 33 50 61 46
21 7 11 20 Inf 4 Inf 6 12 7 18 6 1 5 19 15 19
134 18 24 14 36 92 91 Inf 27 13 38 128 40 14 127 125 17
135 135 33 22 90 Inf 108 115 Inf 17 Inf 48 97 33 42 118 23
94 94 13 21 7 9 29 51 24 15 91 92 41 68 Inf Inf 94
90 43 21 17 23 17 75 Inf 13 43 88 43 52 41 80 18 Inf
50 33 38 28 2 46 11 18 25 21 44 16 2 9 18 4 8
143 112 74 54 134 2 94 94 Inf 25 35 112 21 131 28 97 124
19 Inf 7 10 13 3 15 7 10 15 2 18 13 1 11 19 3
54 9 43 Inf 22 19 40 14 39 13 32 53 32 Inf 50 13 11
50 3 8 Inf 18 9 11 44 13 12 10 31 11 1 Inf 12 13
40 9 13 7 34 15 24 3 2 31 Inf 9 7 29 7 35 1
73 34 39 20 18 24 27 24 17 Inf 21 60 8 69 67 45 3
12 1 6 2 Inf 12 12 12 1 6 3 Inf 9 12 8 3 4
152 79 110 3 141 2 7 13 Inf 31 18 49 116 29 36 47 75
42 38 16 13 32 35 4 5 Inf Inf 12 Inf 25 37 8 Inf 29
45 4 15 21 Inf 11 3 9 43 9 16 6 Inf 29 10 19 20
74 9 11 16 41 3 33 56 17 9 Inf 30 66 72 1 53 52
26 25 1 5 16 19 25 2 4 21 26 26 8 6 17 3 9
11 Inf 10 8 6 Inf 10 6 6 5 3 6 Inf 11 Inf 9 Inf
31 9 23 26 25 21 3 22 5 20 12 3 6 7 27 24 18
50 46 6 50 27 32 22 25 Inf 44 27 17 23 50 13 7 39
102 56 40 Inf 3 32 18 87 9 58 33 78 44 63 23 58 Inf
46 4 24 8 28 16 3 12 7 39 13 3 Inf 37 22 13 1
35 7 22 4 10 6 30 Inf 20 Inf 6 6 3 35 11 11 17
40 8 39 7 1 33 24 Inf Inf 4 16 28 Inf 21 13 23 Inf
2 1 1 Inf 2 Inf 1 1 1 1 1 2 1 1 2 1 2
1 1 1 1 1 1 1 1 1 1 1 1 1 1 Inf 1 1
3 3 1 3 2 3 2 1 Inf 1 Inf 2 1 3 2 1 3
13 Inf Inf 10 2 Inf 12 8 1 Inf 11 3 Inf Inf 12 5 2
16 10 11 14 11 16 15 9 Inf 2 13 11 11 6 10 8 1
25 4 7 8 Inf 12 15 2 11 25 Inf Inf 8 7 3 12 5
21 Inf 9 16 19 5 3 10 5 2 Inf 15 21 15 6 12 3
43 13 12 17 9 12 20 Inf 9 9 16 7 16 30 Inf 36 28
30 4 4 18 11 2 Inf 25 14 26 24 15 7 14 18 27 15
83 Inf 20 61 28 80 4 11 72 1 73 45 43 22 16 15 40
89 Inf Inf 72 24 79 51 29 64 9 23 48 21 41 58 Inf 34
56 40 50 49 51 51 5 29 41 9 35 54 37 39 31 Inf Inf
59 57 28 58 21 57 25 Inf 14 Inf 7 Inf Inf 39 16 Inf 7
43 2 32 Inf 17 3 35 1 37 12 7 31 33 7 12 22 3
11 8 11 3 2 1 9 7 6 8 Inf 3 Inf 1 Inf 11 3
26 6 25 5 24 7 17 Inf 4 8 17 10 26 Inf 15 11 7
44 25 24 3 2 Inf 44 39 35 27 2 4 1 43 10 29 31
121 22 97 82 110 93 Inf 97 91 48 30 59 109 91 Inf 9 27
38 Inf Inf 36 14 36 2 Inf 5 6 Inf Inf 14 Inf 17 6 4
68 39 16 2 Inf 63 10 12 60 53 Inf 43 6 15 10 12 41
22 12 2 19 Inf 11 22 8 Inf 20 4 7 1 Inf 2 22 16
7 6 1 5 6 2 1 6 1 6 2 1 1 1 7 Inf 2
16 10 3 7 10 3 12 1 1 Inf 13 7 Inf 1 Inf 11 2
32 21 18 14 7 13 Inf 13 25 8 5 7 1 4 31 27 14
25 Inf 5 1 7 Inf Inf 11 22 Inf 13 1 15 3 20 23 Inf
27 17 26 7 3 Inf 12 Inf 5 12 5 21 Inf 4 20 8 21
156 50 26 Inf 119 76 3 15 83 47 23 Inf 86 108 7 47 Inf
28 9 2 23 23 7 6 5 Inf 5 28 3 27 Inf 7 28 6
15 14 Inf 1 9 13 8 15 10 11 4 Inf 6 12 1 Inf 7
26 11 24 19 Inf 5 24 26 6 Inf 4 20 2 14 9 24 26
18 7 5 13 4 9 4 2 11 3 2 15 3 Inf 5 13 Inf
72 58 Inf 31 36 71 49 Inf 18 8 65 71 1 38 67 72 53
23 2 23 Inf 2 13 15 19 Inf 6 2 15 6 5 9 18 10
27 Inf Inf 22 2 Inf 3 7 11 21 21 20 5 15 18 Inf 1
1 2
1 41
1 69
1 70
2 3
3 4
3 68
4 6
4 7
5 6
5 24
5 30
6 8
7 8
8 12
9 10
10 11
11 12
12 13
12 14
13 23
14 23
15 16
16 17
16 18
17 19
18 19
19 20
19 22
19 57
20 21
21 23
22 23
23 25
23 31
23 33
24 25
25 26
25 27
25 28
25 29
26 35
27 35
28 35
29 35
30 31
31 32
32 35
33 34
34 35
35 36
35 44
35 48
35 51
35 53
35 56
35 60
35 61
35 62
36 37
37 38
38 39
39 40
40 42
41 42
42 43
43 50
44 45
45 46
46 47
47 50
48 49
49 50
51 52
52 54
53 54
54 55
57 58
58 59
59 60
61 65
62 63
63 64
64 65
64 66
64 67
