70
17 Inf Inf 3 14 11 16 5 10 16 9 12 7 2 14 17 8
66 Inf 31 3 25 29 56 1 7 56 64 60 21 28 47 45 50
54 19 46 36 52 48 14 46 16 52 11 41 49 52 20 19 48
52 33 18 51 49 9 12 Inf 2 41 17 24 20 49 36 24 11
6 6 2 4 2 4 1 5 6 1 3 2 4 6 5 3 1
88 54 27 6 76 14 60 76 79 1 2 51 25 43 46 83 4
21 14 11 10 Inf Inf 8 Inf 15 Inf 8 1 19 13 1 Inf 8
128 108 53 24 46 14 128 58 80 23 49 Inf 104 37 45 13 66
68 7 Inf Inf 19 1 49 22 3 Inf Inf 1 29 26 40 36 15
70 1 58 56 Inf 28 27 46 26 2 9 69 22 Inf 61 61 7
85 6 79 70 8 81 12 48 56 29 56 62 79 36 49 85 76
21 15 13 Inf 4 21 8 3 14 9 6 3 7 9 14 5 5
134 15 85 129 23 134 97 18 16 59 29 22 67 4 55 Inf 63
135 87 82 125 49 129 86 Inf 41 73 115 77 36 5 19 110 92
94 28 34 Inf 84 4 Inf 67 Inf 34 85 53 Inf 16 Inf 47 64
90 Inf 84 70 5 28 46 28 78 29 78 45 77 23 39 81 14
50 39 22 20 29 31 17 18 Inf 1 33 9 1 21 35 3 18
143 59 140 28 130 57 Inf 13 26 143 Inf 87 38 21 42 19 Inf
19 2 3 2 16 17 9 14 12 14 4 10 1 14 Inf 2 10
54 30 15 32 8 51 22 33 3 8 49 4 1 Inf 1 Inf Inf
50 15 1 Inf Inf 21 13 31 48 44 34 3 34 17 Inf 49 11
40 20 10 24 35 11 7 18 3 1 39 22 29 24 23 8 10
73 18 Inf 71 25 3 12 49 42 60 25 Inf 67 20 59 65 30
12 11 Inf 8 7 Inf 9 2 12 10 7 7 3 1 1 8 12
152 81 Inf 129 79 Inf 15 148 Inf Inf 89 116 45 10 108 96 150
42 3 10 36 4 15 2 20 30 4 23 28 32 38 37 3 1
45 Inf 1 Inf 24 14 3 42 9 Inf 7 Inf 4 19 13 10 7
74 Inf Inf 9 13 13 33 35 32 26 59 Inf 38 74 14 33 Inf
26 26 1 9 17 10 18 22 14 6 26 2 9 4 24 Inf 19
11 1 1 11 11 11 10 Inf 4 4 3 2 9 2 3 5 10
31 7 2 27 16 30 13 26 18 9 8 28 Inf 29 3 6 30
50 40 Inf 43 46 44 37 2 43 5 14 42 5 9 11 12 4
102 23 32 15 75 Inf 13 52 70 24 90 Inf 88 38 Inf 39 Inf
46 13 23 15 29 37 29 Inf 44 32 11 21 30 19 9 Inf 35
35 Inf 17 22 25 Inf 30 1 30 24 32 31 33 5 8 24 Inf
40 32 3 9 5 Inf 13 Inf 3 36 11 5 27 14 10 Inf 28
2 1 1 1 2 1 2 1 2 2 Inf 1 2 1 1 1 1
1 1 1 1 1 Inf 1 1 1 1 1 1 1 1 1 1 1
3 Inf 2 3 1 Inf 1 1 3 1 1 3 2 1 3 3 1
13 2 3 7 10 Inf 5 1 7 12 5 1 1 1 7 13 11
16 Inf 4 14 13 3 Inf 13 11 Inf 7 14 12 4 16 15 16
25 Inf 8 24 Inf 10 19 5 13 15 12 21 14 24 21 15 24
21 9 18 2 6 19 3 7 7 10 6 13 14 15 15 14 5
43 16 Inf 19 25 1 38 Inf 24 Inf 8 31 4 4 12 25 19
30 Inf 12 24 30 17 16 26 2 27 Inf 15 27 5 6 4 19
83 Inf 46 76 68 12 80 Inf 22 61 53 Inf 68 8 7 41 40
89 75 56 22 80 24 48 12 Inf 20 8 29 37 18 63 71 19
56 3 13 42 Inf 56 29 7 7 5 Inf 40 42 Inf 8 36 45
59 40 23 Inf Inf 52 30 11 23 Inf 29 49 4 25 8 29 47
43 26 12 38 35 28 12 17 24 7 37 19 Inf 7 Inf 16 39
11 2 7 1 6 3 2 8 1 10 4 Inf 1 9 9 8 2
26 9 12 4 4 22 Inf 11 Inf 1 3 6 16 22 3 6 12
44 6 44 11 23 43 Inf 6 22 31 10 15 43 25 Inf 5 11
121 Inf 54 34 60 Inf Inf 21 50 2 111 121 119 20 10 67 83
38 15 6 24 12 6 34 19 9 25 8 Inf Inf 37 8 1 26
68 56 56 60 7 6 31 52 16 44 10 31 26 43 25 Inf 10
22 20 Inf 18 18 Inf Inf 18 3 14 16 13 10 8 3 1 11
7 1 5 Inf 3 2 2 2 Inf 2 7 1 3 Inf 4 3 2
16 Inf 13 9 11 12 7 8 16 15 11 4 13 10 6 2 2
32 32 Inf 5 13 9 22 9 2 4 22 6 28 6 20 20 3
25 5 21 1 22 15 20 20 19 20 7 Inf 23 2 20 24 6
27 9 24 11 11 Inf 1 Inf 4 Inf 20 10 4 17 3 2 9
156 Inf 127 3 Inf 45 109 Inf 120 107 69 23 65 150 Inf 53 118
28 13 24 14 24 28 3 Inf 5 1 28 4 7 15 22 4 25
15 Inf 14 14 Inf 3 4 Inf 7 Inf 3 15 7 9 15 Inf 5
26 17 20 Inf 23 Inf 20 24 Inf Inf 10 22 22 12 16 4 11
18 14 16 5 12 Inf 17 14 2 14 12 18 Inf 2 4 9 2
72 66 49 24 66 50 26 55 16 41 31 20 Inf 33 8 44 34
23 6 5 11 14 22 15 4 15 17 19 20 6 8 16 17 5
27 8 13 5 4 11 16 8 2 20 25 6 3 18 8 Inf 19
1 2
1 41
1 69
1 70
2 3
3 4
3 68
4 6
4 7
5 6
5 24
5 30
6 8
7 8
8 12
9 10
10 11
11 12
12 13
12 14
13 23
14 23
15 16
16 17
16 18
17 19
18 19
19 20
19 22
19 57
20 21
21 23
22 23
23 25
23 31
23 33
24 25
25 26
25 27
25 28
25 29
26 35
27 35
28 35
29 35
30 31
31 32
32 35
33 34
34 35
35 36
35 44
35 48
35 51
35 53
35 56
35 60
35 61
35 62
36 37
37 38
38 39
39 40
40 42
41 42
42 43
43 50
44 45
45 46
46 47
47 50
48 49
49 50
51 52
52 54
53 54
54 55
57 58
58 59
59 60
61 65
62 63
63 64
64 65
64 66
64 67
