70
17 8 4 9 2 1 14 9 Inf Inf 7 8 14 1 10 Inf 11
66 Inf Inf 29 46 17 48 30 7 15 56 4 13 52 Inf 7 58
54 30 Inf 19 7 10 34 12 11 32 54 19 Inf 12 46 4 11
52 9 Inf 18 Inf 45 24 5 37 16 Inf Inf Inf 38 37 16 9
6 4 1 5 3 Inf 2 6 2 6 1 5 1 4 5 5 1
88 88 65 67 53 Inf 74 40 54 53 25 Inf 5 68 18 48 55
21 2 6 8 14 9 5 2 12 3 17 Inf 14 Inf 9 17 6
128 62 97 17 33 13 8 86 Inf 73 69 96 29 65 31 20 82
68 62 42 13 24 31 41 Inf 67 14 40 6 51 34 57 37 39
70 67 11 22 Inf 56 15 Inf 4 61 22 7 59 68 Inf 50 52
85 Inf 58 Inf Inf Inf 48 43 66 16 84 72 42 6 28 85 36
21 3 12 11 9 Inf 19 8 15 Inf Inf 8 2 6 3 18 13
134 128 116 47 Inf 79 50 29 48 Inf Inf 102 115 15 90 51 35
135 110 67 74 Inf 117 33 30 50 Inf 70 108 96 25 100 36 Inf
94 79 5 9 49 11 62 14 31 26 66 26 61 89 25 3 44
90 45 59 83 10 26 Inf 50 Inf 60 90 1 Inf 9 23 Inf 46
50 17 11 35 37 Inf 44 22 5 43 20 24 29 12 8 44 11
143 109 48 Inf 74 132 125 22 127 14 33 121 111 33 35 40 8
19 3 19 11 4 8 4 2 19 6 15 15 19 11 14 5 3
54 16 38 35 30 32 24 32 44 16 13 Inf 34 Inf 35 42 39
50 25 13 10 47 42 1 6 36 19 12 11 14 5 Inf 4 9
40 28 Inf 1 38 21 25 5 33 35 1 39 Inf 5 2 16 32
73 60 32 37 44 Inf 3 71 40 26 15 72 63 15 8 1 Inf
12 12 Inf 2 10 10 4 7 10 4 1 2 4 9 3 1 2
152 53 Inf 47 18 47 35 97 32 33 Inf 64 19 80 95 Inf 59
42 Inf 25 42 18 9 37 7 8 10 9 38 Inf 26 39 28 17
45 35 29 45 23 2 23 39 21 20 40 43 20 42 41 18 Inf
74 23 43 44 7 22 15 6 70 63 27 74 Inf 66 48 Inf 11
26 2 Inf 8 Inf 4 Inf 10 22 7 19 3 14 2 7 18 5
11 9 10 1 1 9 10 3 6 6 5 4 7 4 3 6 11
31 28 9 6 1 15 Inf 5 25 21 5 Inf 5 26 17 2 24
50 18 15 28 37 3 12 12 4 30 8 20 36 13 22 27 9
102 55 21 93 9 92 57 92 34 17 59 27 2 57 32 23 Inf
46 32 24 11 14 25 23 40 26 26 38 26 26 Inf 1 Inf 31
35 14 10 22 34 9 15 5 2 34 9 18 28 30 17 Inf 12
40 20 Inf Inf 35 5 9 28 27 28 2 13 40 5 10 12 Inf
2 1 Inf 2 2 1 1 1 1 2 1 Inf 2 Inf 1 1 1
1 1 1 1 1 1 1 1 1 1 1 Inf Inf 1 1 1 1
3 2 Inf 3 Inf 2 1 2 3 3 2 1 3 Inf 1 1 3
13 9 7 Inf 6 8 11 3 7 8 8 6 13 1 1 2 3
16 8 6 2 16 10 15 Inf 15 5 2 3 Inf 6 1 12 8
25 7 Inf 13 6 12 9 Inf Inf 6 11 24 4 23 4 18 11
21 3 17 17 18 13 Inf 1 16 1 4 17 7 Inf 21 7 5
43 42 15 17 Inf 28 Inf Inf 14 11 Inf 35 11 Inf 21 Inf 28
30 Inf 17 4 30 18 4 27 29 Inf 14 1 12 9 20 25 7
83 1 Inf 47 58 63 36 67 31 21 59 72 61 44 33 19 37
89 39 17 89 5 Inf 49 34 69 54 77 77 64 22 42 4 77
56 21 22 5 40 10 53 Inf 10 13 37 7 29 7 5 44 55
59 5 43 11 19 56 21 56 56 Inf 54 6 Inf Inf 28 10 Inf
43 18 33 8 1 27 43 25 30 37 4 19 5 13 6 35 42
11 7 5 7 Inf 9 10 Inf 9 8 3 10 10 10 1 3 8
26 2 18 Inf 20 19 19 10 Inf 8 10 3 11 4 14 10 17
44 41 40 44 Inf 40 Inf 4 30 9 37 10 35 5 33 36 35
121 45 121 Inf 14 Inf 119 117 119 Inf Inf 115 82 Inf 6 95 26
38 14 16 2 17 8 Inf 14 37 16 4 35 Inf 9 7 35 23
68 Inf 7 22 16 37 62 Inf 11 20 36 68 5 62 48 Inf 44
22 8 22 Inf 7 7 7 4 8 3 18 22 19 15 3 10 19
7 3 Inf 1 5 5 3 1 3 6 7 6 4 3 1 6 2
16 1 3 14 10 4 6 1 7 Inf 5 5 2 4 5 12 11
32 2 13 Inf 10 14 14 Inf 4 Inf 16 Inf 20 13 20 2 Inf
25 5 5 20 6 16 4 Inf 7 15 3 13 2 22 4 Inf 20
27 8 2 10 23 1 1 13 7 3 15 4 6 24 19 7 13
156 112 74 40 34 93 105 Inf Inf 14 134 Inf 20 146 Inf 71 Inf
28 1 19 6 9 Inf Inf 24 17 4 15 12 6 Inf 7 4 10
15 6 4 12 Inf 12 8 13 14 1 2 6 4 6 14 2 6
26 9 1 9 Inf 6 25 8 Inf 19 1 14 Inf 24 2 23 Inf
18 7 9 4 16 12 1 Inf 4 2 4 Inf 5 Inf 5 7 12
72 30 Inf 62 32 10 2 48 10 22 16 66 14 25 31 37 18
23 4 1 9 12 15 6 3 20 9 14 18 20 Inf 5 4 8
27 10 6 Inf 19 19 23 5 27 7 27 27 2 2 25 10 13
1 2
1 41
1 69
1 70
2 3
3 4
3 68
4 6
4 7
5 6
5 24
5 30
6 8
7 8
8 12
9 10
10 11
11 12
12 13
12 14
13 23
14 23
15 16
16 17
16 18
17 19
18 19
19 20
19 22
19 57
20 21
21 23
22 23
23 25
23 31
23 33
24 25
25 26
25 27
25 28
25 29
26 35
27 35
28 35
29 35
30 31
31 32
32 35
33 34
34 35
35 36
35 44
35 48
35 51
35 53
35 56
35 60
35 61
35 62
36 37
37 38
38 39
39 40
40 42
41 42
42 43
43 50
44 45
45 46
46 47
47 50
48 49
49 50
51 52
52 54
53 54
54 55
57 58
58 59
59 60
61 65
62 63
63 64
64 65
64 66
64 67
