70
17 14 5 17 7 Inf Inf 1 15 4
66 35 38 49 34 4 Inf 60 19 17
54 46 Inf 20 24 5 33 40 Inf 1
52 8 2 23 10 9 52 42 31 48
6 2 4 2 Inf 2 1 6 1 6
88 66 61 43 48 38 31 20 15 45
21 Inf 19 1 21 20 Inf 5 10 11
128 79 102 3 121 58 103 101 104 55
68 61 21 15 65 Inf 47 Inf 24 Inf
70 26 12 22 37 61 15 27 Inf 23
85 Inf 32 18 64 1 22 68 Inf 2
21 12 11 14 9 3 18 5 5 17
134 85 13 Inf 132 118 116 45 65 47
135 124 42 33 90 54 47 Inf 94 77
94 80 40 47 90 Inf 64 79 11 37
90 69 87 55 Inf 22 17 69 26 27
50 6 Inf Inf Inf 16 42 38 30 3
143 77 92 44 52 9 12 49 Inf 104
19 12 1 16 3 15 14 6 15 11
54 30 43 5 Inf Inf 26 Inf 38 21
50 Inf 34 24 39 33 6 42 17 11
40 7 26 4 30 7 Inf 7 25 35
73 Inf 23 12 54 25 20 63 69 Inf
12 6 2 12 11 3 8 12 Inf 12
152 16 107 45 6 141 Inf 127 25 54
42 29 Inf 33 1 16 32 15 Inf 3
45 13 17 26 9 6 3 6 Inf 23
74 57 58 54 Inf 73 37 52 56 15
26 6 Inf 23 17 8 17 4 22 Inf
11 4 Inf 2 7 6 3 2 3 2
31 10 Inf 5 11 23 4 26 14 17
50 Inf 14 34 16 Inf 26 Inf 40 37
102 15 49 48 86 84 12 65 44 19
46 Inf 36 4 40 37 9 19 16 Inf
35 22 10 12 9 12 21 34 26 15
40 24 14 26 21 33 28 10 25 11
2 1 1 2 Inf 1 1 2 1 1
1 1 1 1 Inf 1 Inf Inf 1 1
3 3 Inf 1 3 3 Inf 3 Inf Inf
13 Inf 13 9 5 9 2 7 2 10
16 4 2 6 13 14 6 15 Inf Inf
25 10 10 Inf 18 4 25 Inf 22 19
21 10 Inf 5 20 11 2 10 12 13
43 4 23 43 19 36 42 19 35 28
30 14 1 29 9 23 20 1 22 26
83 70 79 2 65 34 20 73 59 Inf
89 70 52 89 50 69 20 Inf 47 74
56 16 41 37 33 10 49 46 18 38
59 55 55 53 10 27 24 29 17 Inf
43 Inf 10 35 35 16 27 9 14 35
11 1 2 3 5 8 Inf Inf 8 3
26 Inf Inf 14 9 18 Inf 20 Inf 4
44 10 13 20 11 32 14 5 36 16
121 56 94 75 Inf 85 5 3 25 5
38 4 20 10 37 23 22 34 32 23
68 7 4 50 49 1 3 61 28 9
22 Inf 11 1 Inf Inf Inf 17 4 4
7 5 Inf 3 7 Inf 1 4 5 5
16 5 8 9 1 14 1 12 12 16
32 1 28 12 8 30 Inf 31 13 6
25 5 6 8 3 5 24 2 4 15
27 8 24 6 Inf 22 26 24 1 23
156 33 Inf 100 150 32 37 Inf 18 25
28 3 21 3 6 21 9 16 18 1
15 7 Inf 4 10 Inf 2 11 5 13
26 19 11 Inf 25 8 5 5 15 10
18 8 8 18 1 12 4 5 13 5
72 8 56 4 5 26 12 20 23 16
23 3 11 13 9 22 11 7 9 11
27 23 4 Inf 6 24 26 12 Inf Inf
1 2
1 41
1 69
1 70
2 3
3 4
3 68
4 6
4 7
5 6
5 24
5 30
6 8
7 8
8 12
9 10
10 11
11 12
12 13
12 14
13 23
14 23
15 16
16 17
16 18
17 19
18 19
19 20
19 22
19 57
20 21
21 23
22 23
23 25
23 31
23 33
24 25
25 26
25 27
25 28
25 29
26 35
27 35
28 35
29 35
30 31
31 32
32 35
33 34
34 35
35 36
35 44
35 48
35 51
35 53
35 56
35 60
35 61
35 62
36 37
37 38
38 39
39 40
40 42
41 42
42 43
43 50
44 45
45 46
46 47
47 50
48 49
49 50
51 52
52 54
53 54
54 55
57 58
58 59
59 60
61 65
62 63
63 64
64 65
64 66
64 67
