70
17 Inf 16 8 1 7 Inf 3 7 4 5 6 6 5 5 10 14
66 Inf 16 Inf 53 52 18 29 52 Inf 13 16 32 58 33 18 22
54 47 27 8 40 Inf 38 Inf 42 26 53 50 Inf 39 7 4 11
52 31 24 28 29 29 8 Inf 4 8 52 15 21 31 37 15 4
6 2 6 2 6 5 4 5 3 Inf 1 1 4 6 1 5 2
88 14 62 44 69 57 58 69 1 18 2 33 63 50 70 Inf 7
21 20 20 Inf 10 12 2 Inf 11 18 5 13 21 15 10 9 16
128 22 100 59 127 7 40 Inf 102 38 13 15 89 77 78 67 57
68 32 28 47 Inf 6 40 56 56 27 29 Inf Inf 31 11 58 Inf
70 41 29 14 19 Inf 60 56 41 1 32 4 54 36 59 45 Inf
85 5 57 7 Inf 30 7 26 2 28 37 38 4 7 Inf 52 64
21 16 2 Inf 9 16 17 1 13 4 4 11 14 2 Inf 14 19
134 15 40 58 62 Inf Inf 83 116 109 84 44 26 24 82 48 103
135 118 31 14 126 49 48 75 2 28 84 34 105 Inf 40 130 23
94 82 26 20 26 85 20 15 29 13 69 50 4 90 79 93 89
90 3 58 79 57 14 4 53 27 7 19 35 36 10 6 8 58
50 2 25 31 39 18 46 13 49 11 20 25 48 8 37 30 20
143 26 68 71 89 1 82 141 48 34 122 62 58 26 17 15 Inf
19 16 7 13 13 4 17 Inf 19 17 13 6 7 6 1 12 16
54 Inf Inf 4 6 5 Inf 38 34 43 6 Inf 3 52 42 47 Inf
50 Inf 1 26 24 36 6 18 32 4 Inf 29 43 34 9 46 6
40 17 30 33 19 13 40 35 Inf 30 18 35 10 11 11 17 12
73 61 13 70 66 4 17 8 67 23 38 16 28 16 65 13 Inf
12 10 2 7 3 2 Inf 9 5 3 2 2 Inf Inf 2 5 9
152 105 112 126 144 6 3 3 134 39 81 49 119 36 134 102 144
42 33 14 3 37 5 2 37 7 37 31 12 10 32 40 12 24
45 35 Inf 45 26 13 1 16 10 2 Inf 12 12 Inf 29 19 36
74 49 13 46 38 56 62 Inf 73 13 Inf 49 Inf 61 49 14 37
26 7 26 8 9 16 16 23 6 7 Inf 19 4 18 Inf Inf 4
11 5 9 8 3 5 2 4 8 7 7 1 8 3 6 8 10
31 4 8 18 20 4 23 8 19 7 6 7 Inf 3 7 9 13
50 19 15 20 50 14 44 23 14 Inf Inf 8 20 46 37 23 21
102 78 5 92 77 18 80 101 43 41 43 Inf 1 27 22 97 71
46 11 24 10 8 23 Inf 15 6 Inf 11 27 28 39 28 21 40
35 18 3 22 Inf Inf 26 12 22 3 30 35 3 23 21 5 Inf
40 24 33 18 10 31 27 35 29 15 32 32 34 11 Inf 21 19
2 Inf Inf 1 2 2 Inf 2 Inf 1 2 1 2 2 2 2 1
1 Inf 1 1 1 1 1 1 1 1 1 Inf 1 1 1 1 Inf
3 2 3 Inf 1 2 1 1 1 Inf 1 1 1 3 2 3 Inf
13 1 4 13 12 3 Inf Inf Inf 3 13 11 2 2 11 10 3
16 7 12 7 13 3 9 8 8 16 15 12 13 9 5 8 4
25 4 17 14 3 1 3 16 2 11 Inf 21 9 25 6 Inf Inf
21 Inf 8 Inf 5 21 7 6 17 19 6 2 9 21 19 17 11
43 3 13 8 6 43 Inf 23 11 33 20 1 18 Inf 34 7 24
30 17 7 2 29 12 29 17 Inf Inf 13 14 19 19 27 8 Inf
83 3 2 27 9 41 4 34 5 5 1 Inf 82 49 61 Inf 67
89 30 33 11 29 53 72 9 17 16 84 75 5 6 4 29 83
56 22 10 47 44 45 4 29 2 15 3 1 3 11 21 41 Inf
59 36 21 16 55 6 47 21 18 46 38 42 Inf 17 44 22 24
43 36 17 39 43 42 25 19 24 5 Inf 42 14 35 8 Inf 31
11 10 5 Inf 5 9 Inf 4 4 1 7 2 10 6 9 3 5
26 17 7 17 Inf Inf 10 17 9 4 21 Inf 13 6 Inf Inf 8
44 43 43 22 Inf 24 1 Inf 21 7 27 10 1 2 22 7 1
121 16 42 Inf 76 Inf 77 95 3 113 34 65 86 61 99 93 82
38 38 34 Inf 28 17 Inf 37 20 5 10 25 27 31 1 17 7
68 2 3 43 44 43 12 3 42 21 21 Inf 37 31 11 25 13
22 13 2 17 11 Inf 12 5 Inf Inf 20 6 13 10 Inf 22 18
7 1 4 7 3 4 2 4 2 2 1 5 5 Inf 1 3 4
16 11 5 11 6 13 1 16 Inf 2 13 7 5 14 Inf 3 2
32 31 7 7 14 14 23 Inf 13 30 5 9 21 6 9 Inf 1
25 7 8 18 15 Inf 7 18 21 16 Inf 13 Inf 8 21 5 21
27 Inf Inf Inf 21 19 11 10 26 1 20 10 2 Inf Inf 6 2
156 55 143 28 97 46 112 109 94 72 120 62 21 14 51 Inf 2
28 3 1 26 19 Inf 10 22 12 26 19 Inf 18 Inf 15 26 3
15 9 15 7 Inf 9 15 5 5 5 8 12 6 3 5 2 12
26 11 2 Inf 14 19 26 16 25 2 22 1 Inf 4 17 23 21
18 17 8 15 Inf 16 6 13 13 14 1 2 Inf Inf 16 Inf Inf
72 Inf 5 70 39 61 44 60 55 10 8 56 17 Inf 31 26 64
23 1 21 14 2 17 2 5 1 6 18 15 20 Inf 19 21 12
27 1 25 Inf 3 20 25 Inf 20 24 19 20 10 Inf 17 20 16
1 2
1 41
1 69
1 70
2 3
3 4
3 68
4 6
4 7
5 6
5 24
5 30
6 8
7 8
8 12
9 10
10 11
11 12
12 13
12 14
13 23
14 23
15 16
16 17
16 18
17 19
18 19
19 20
19 22
19 57
20 21
21 23
22 23
23 25
23 31
23 33
24 25
25 26
25 27
25 28
25 29
26 35
27 35
28 35
29 35
30 31
31 32
32 35
33 34
34 35
35 36
35 44
35 48
35 51
35 53
35 56
35 60
35 61
35 62
36 37
37 38
38 39
39 40
40 42
41 42
42 43
43 50
44 45
45 46
46 47
47 50
48 49
49 50
51 52
52 54
53 54
54 55
57 58
58 59
59 60
61 65
62 63
63 64
64 65
64 66
64 67
