70
17 Inf 5 Inf 2 10 9 6 3 9 3 Inf 10 5 11 6 15
66 53 5 31 47 17 52 6 26 Inf 54 53 21 14 48 45 Inf
54 25 23 Inf Inf 39 7 Inf Inf 46 39 7 7 29 2 12 39
52 Inf 24 32 8 19 Inf 17 4 37 Inf Inf Inf 49 10 1 45
6 Inf 5 3 3 Inf 3 4 Inf 1 3 Inf 1 Inf 5 Inf 5
88 Inf Inf 69 Inf Inf 8 25 67 Inf Inf 5 Inf 23 62 66 27
21 3 Inf 20 7 Inf Inf 16 1 Inf 21 7 6 21 1 7 14
128 47 46 22 16 32 9 67 44 2 59 58 65 Inf Inf Inf 116
68 37 24 8 26 Inf 41 3 49 63 10 43 16 8 35 52 36
70 8 57 Inf Inf 59 56 40 41 Inf Inf 8 70 2 28 50 46
85 32 Inf 64 60 72 Inf 49 19 75 13 Inf 82 47 69 1 1
21 11 15 10 Inf 10 10 Inf 8 15 18 18 21 Inf 8 Inf Inf
134 16 60 15 127 Inf 125 95 Inf 116 Inf Inf 27 91 93 73 108
135 110 Inf Inf 125 6 18 Inf 119 7 46 89 130 43 60 87 123
94 18 56 27 64 14 62 48 Inf Inf 3 48 69 34 Inf 40 28
90 30 Inf 61 3 1 40 Inf 54 Inf 54 13 12 21 15 25 56
50 41 32 7 29 20 34 33 10 14 Inf 13 41 13 10 43 34
143 Inf 76 Inf 21 Inf 109 9 62 49 102 24 Inf Inf Inf 67 19
19 3 Inf Inf 18 17 18 17 3 4 13 5 6 13 6 Inf 6
54 20 46 4 Inf Inf 14 7 45 45 34 53 Inf Inf Inf 46 45
50 13 47 11 20 Inf 39 11 42 3 1 3 Inf 41 14 2 31
40 7 11 10 Inf 33 Inf 10 Inf 1 35 36 25 16 11 40 22
73 20 3 29 41 36 15 7 28 62 Inf 46 32 Inf 63 58 54
12 6 7 Inf 1 11 1 Inf 7 8 12 6 11 10 Inf 3 2
152 Inf 29 50 123 56 137 Inf 66 57 Inf 74 141 114 126 26 20
42 38 16 35 9 9 35 18 34 23 5 25 Inf Inf Inf 35 18
45 28 Inf 19 20 28 36 8 Inf Inf 4 16 16 23 13 Inf Inf
74 10 53 41 52 Inf 37 61 7 74 10 Inf Inf 61 57 12 61
26 5 12 Inf 11 17 8 Inf 13 4 20 Inf 18 1 15 Inf 7
11 Inf 10 8 Inf 11 Inf 3 10 1 Inf 8 11 1 3 1 1
31 7 14 Inf 8 1 10 25 15 5 Inf 22 Inf 12 16 17 18
50 34 38 18 26 27 19 21 19 15 26 1 28 2 13 31 29
102 75 61 28 13 63 Inf 16 1 85 Inf 68 14 47 44 Inf 51
46 Inf 18 22 Inf 20 26 44 1 13 9 17 20 38 8 Inf Inf
35 15 Inf 18 21 Inf 1 Inf 5 30 27 13 12 32 26 29 16
40 Inf 9 9 8 23 Inf 6 29 Inf 39 Inf Inf 21 8 15 19
2 1 2 2 2 1 1 1 1 1 1 2 2 2 Inf 2 2
1 1 1 Inf 1 1 1 1 1 Inf 1 1 1 1 1 1 1
3 Inf 2 1 2 1 3 2 1 Inf 2 3 Inf 1 2 3 2
13 7 2 10 8 3 11 6 5 4 7 2 11 Inf 1 1 Inf
16 14 12 10 7 12 14 Inf Inf 4 1 2 Inf 4 3 15 11
25 5 18 5 2 2 8 Inf 24 Inf 1 24 4 1 19 10 23
21 Inf 2 Inf 5 Inf 10 Inf 3 Inf 16 Inf 6 10 Inf 7 17
43 25 28 Inf Inf Inf 25 11 13 32 30 3 33 40 37 3 8
30 23 27 Inf 14 7 6 8 2 2 7 12 9 21 27 23 Inf
83 47 35 Inf Inf 48 42 45 21 Inf 9 Inf 77 Inf Inf 10 4
89 8 1 54 Inf 64 11 36 1 Inf 14 Inf 11 25 69 87 45
56 31 28 15 Inf 2 Inf 2 Inf 18 9 Inf 14 Inf 52 25 56
59 21 Inf Inf Inf 16 31 52 34 11 16 12 46 26 34 Inf Inf
43 6 Inf Inf Inf 40 Inf 10 6 30 Inf 5 Inf Inf 30 Inf 1
11 8 9 9 10 2 9 10 Inf 11 3 2 1 6 5 3 6
26 26 16 2 16 9 2 11 19 6 5 Inf 19 16 13 Inf Inf
44 26 32 13 43 33 35 31 38 1 20 10 9 Inf 17 40 16
121 93 64 Inf 5 112 13 14 76 94 Inf Inf 84 31 29 65 2
38 18 25 37 Inf 3 Inf Inf 35 Inf 35 18 18 22 22 33 21
68 9 13 25 49 26 15 32 31 Inf Inf 2 47 Inf 57 23 14
22 19 18 3 Inf 19 Inf 3 16 6 8 17 9 20 1 Inf 12
7 7 1 6 2 3 5 Inf 2 Inf 6 2 Inf 1 7 7 4
16 10 4 3 16 6 7 3 15 Inf 3 12 8 14 3 Inf 7
32 13 Inf 5 Inf 1 5 Inf Inf 12 25 23 6 5 19 Inf 19
25 21 Inf 1 Inf 19 17 5 22 14 8 5 Inf 17 18 2 Inf
27 9 Inf Inf 10 Inf Inf Inf 19 12 1 Inf 15 Inf 8 10 26
156 10 137 117 71 38 55 144 Inf 61 37 24 45 Inf Inf Inf 134
28 12 2 4 22 Inf 2 21 Inf 19 Inf 10 21 11 20 2 Inf
15 11 Inf Inf Inf 6 3 8 13 1 14 13 8 3 6 12 15
26 8 Inf 2 3 1 20 Inf Inf 2 21 18 20 11 24 10 11
18 Inf 3 Inf Inf 10 2 Inf 11 12 9 Inf Inf Inf Inf 5 Inf
72 45 Inf 25 16 18 14 Inf 10 54 23 70 57 Inf 9 71 50
23 13 13 15 Inf 18 11 13 10 5 11 4 21 1 Inf Inf 13
27 Inf Inf Inf 25 Inf Inf 8 1 3 27 10 2 27 6 4 Inf
1 2
1 41
1 69
1 70
2 3
3 4
3 68
4 6
4 7
5 6
5 24
5 30
6 8
7 8
8 12
9 10
10 11
11 12
12 13
12 14
13 23
14 23
15 16
16 17
16 18
17 19
18 19
19 20
19 22
19 57
20 21
21 23
22 23
23 25
23 31
23 33
24 25
25 26
25 27
25 28
25 29
26 35
27 35
28 35
29 35
30 31
31 32
32 35
33 34
34 35
35 36
35 44
35 48
35 51
35 53
35 56
35 60
35 61
35 62
36 37
37 38
38 39
39 40
40 42
41 42
42 43
43 50
44 45
45 46
46 47
47 50
48 49
49 50
51 52
52 54
53 54
54 55
57 58
58 59
59 60
61 65
62 63
63 64
64 65
64 66
64 67
