70
17 1 6 Inf 17 Inf 4 2 Inf 16 Inf 1 16 5 8 8 Inf
66 63 29 Inf 16 12 61 44 9 12 25 37 48 45 54 30 65
54 36 46 24 Inf 3 21 16 16 Inf 29 7 9 Inf 9 25 Inf
52 50 27 5 25 Inf 25 Inf Inf 2 19 38 Inf 39 5 50 48
6 1 2 6 3 1 2 5 3 Inf 1 3 6 2 Inf 3 Inf
88 25 Inf Inf 61 76 67 14 3 37 Inf 10 35 50 Inf 48 Inf
21 4 11 Inf 9 Inf 21 3 1 13 Inf Inf 3 21 5 3 Inf
128 Inf 116 13 84 Inf 74 Inf 62 92 Inf 7 12 25 10 62 60
68 11 53 Inf 24 41 50 54 Inf 20 16 Inf 62 26 Inf 22 61
70 57 31 Inf 16 59 8 13 44 46 40 56 Inf 15 23 11 1
85 Inf Inf 15 21 10 74 Inf 75 17 69 Inf 42 14 4 66 31
21 12 20 3 4 20 9 3 21 8 Inf 11 18 Inf 12 Inf 19
134 12 93 116 52 134 97 15 Inf Inf 15 4 67 25 8 97 118
135 131 79 5 134 Inf 61 14 Inf 108 Inf 24 Inf 79 103 109 3
94 39 21 74 42 Inf 28 5 Inf 33 17 38 Inf 35 32 19 17
90 7 Inf 12 72 15 89 27 61 75 44 35 64 11 70 Inf 21
50 Inf 31 17 50 12 11 35 38 17 5 49 Inf Inf 37 50 40
143 17 18 88 18 88 30 81 Inf 105 100 Inf 52 116 Inf 62 86
19 Inf 17 Inf 8 6 Inf Inf Inf Inf 12 19 12 11 6 1 14
54 39 53 Inf 40 Inf 11 48 3 18 Inf 21 Inf 37 Inf 38 Inf
50 26 43 33 2 Inf Inf 32 40 Inf 32 23 Inf 5 23 48 6
40 11 15 11 30 Inf 35 Inf 22 37 23 1 39 Inf 2 16 28
73 Inf Inf Inf 3 36 41 7 71 1 68 Inf Inf Inf Inf 68 7
12 2 2 3 5 1 1 Inf 11 1 3 Inf 1 5 11 Inf Inf
152 53 105 2 69 10 Inf Inf 119 Inf 132 151 Inf 43 61 77 52
42 20 Inf 19 41 36 4 18 19 42 Inf 21 21 4 Inf 20 14
45 Inf 6 1 43 1 14 2 30 40 22 2 38 Inf Inf 19 1
74 53 33 Inf 59 54 48 6 Inf Inf 10 14 3 56 Inf 3 13
26 6 20 17 22 12 Inf Inf 24 23 4 Inf 25 16 Inf 19 7
11 9 3 5 3 8 10 9 Inf 5 Inf 6 Inf 6 8 7 4
31 5 Inf 26 Inf 30 3 21 7 15 18 15 Inf 22 26 21 31
50 35 40 Inf 24 Inf Inf 6 39 Inf 25 22 34 Inf 12 6 22
102 34 32 33 33 Inf 76 Inf Inf 30 75 Inf 54 55 102 101 87
46 22 13 Inf 30 31 Inf 28 32 13 Inf 6 9 42 Inf Inf 4
35 10 Inf 1 6 21 15 7 Inf 7 Inf Inf 27 22 1 Inf Inf
40 28 9 23 9 17 Inf 31 13 20 Inf 10 Inf Inf 1 6 8
2 Inf 1 2 2 1 2 2 1 1 2 Inf 1 2 2 2 2
1 1 1 1 1 1 1 Inf 1 1 1 1 1 Inf 1 1 Inf
3 3 Inf 2 Inf 3 Inf 1 2 Inf Inf 1 1 3 2 Inf 1
13 2 4 4 6 Inf Inf 12 Inf 2 Inf Inf 3 8 3 3 Inf
16 6 6 2 13 Inf 4 Inf Inf 11 12 6 Inf 7 3 13 4
25 18 17 16 11 4 1 Inf Inf 24 21 22 1 8 Inf Inf 4
21 Inf 10 5 4 14 Inf 7 4 7 14 Inf Inf 15 8 6 15
43 Inf 26 Inf Inf 4 29 4 Inf 25 6 5 15 36 20 27 Inf
30 20 Inf 30 21 28 18 Inf 17 21 8 8 Inf 3 13 8 14
83 Inf 11 20 53 22 53 39 10 3 15 2 4 79 56 Inf 79
89 5 15 63 31 9 5 86 71 71 84 77 26 Inf 36 84 25
56 20 27 Inf 51 Inf Inf 28 48 Inf 15 11 Inf 25 Inf Inf Inf
59 20 40 2 Inf Inf Inf 6 Inf 4 39 50 Inf 8 Inf 40 14
43 Inf 15 5 22 16 23 3 36 35 37 38 27 31 27 Inf 17
11 6 8 11 7 8 1 Inf Inf 7 Inf 6 10 9 8 Inf 6
26 Inf 13 1 17 16 12 Inf 1 25 14 26 10 Inf 12 9 Inf
44 25 11 11 7 Inf 25 15 25 1 2 5 Inf Inf 23 9 33
121 25 Inf 9 89 26 110 18 69 Inf Inf 56 Inf 23 53 58 22
38 6 Inf Inf 4 8 Inf 6 Inf 34 32 13 Inf 12 10 37 Inf
68 60 Inf Inf Inf Inf 52 33 18 16 17 15 Inf 18 33 Inf 17
22 12 7 8 6 21 2 19 5 3 10 5 8 9 20 8 1
7 7 4 7 2 5 2 6 5 2 1 4 6 Inf 6 Inf 3
16 2 Inf 14 Inf 11 11 2 7 9 6 Inf Inf 12 4 12 10
32 4 6 11 4 19 Inf Inf 10 7 23 28 17 27 32 19 7
25 10 5 8 23 17 13 19 Inf 4 5 18 9 24 Inf 1 Inf
27 Inf 2 21 Inf 27 23 3 1 Inf 12 Inf 27 25 26 12 8
156 Inf 116 69 140 16 36 102 Inf 16 43 126 1 143 11 96 Inf
28 Inf 1 22 11 16 23 20 26 10 23 20 14 26 Inf Inf 5
15 12 Inf 14 Inf 8 3 14 15 6 3 1 8 Inf 1 6 6
26 9 3 23 1 17 15 25 1 2 26 Inf 6 Inf 14 5 Inf
18 3 Inf 18 4 15 18 12 Inf 3 Inf 17 7 2 18 Inf 16
72 10 59 47 22 22 Inf 40 46 18 39 47 9 26 68 70 Inf
23 Inf 2 3 11 3 8 5 Inf Inf Inf 4 14 20 2 15 1
27 5 Inf 23 19 Inf 9 12 3 4 Inf 20 Inf 19 Inf 8 7
1 2
1 41
1 69
1 70
2 3
3 4
3 68
4 6
4 7
5 6
5 24
5 30
6 8
7 8
8 12
9 10
10 11
11 12
12 13
12 14
13 23
14 23
15 16
16 17
16 18
17 19
18 19
19 20
19 22
19 57
20 21
21 23
22 23
23 25
23 31
23 33
24 25
25 26
25 27
25 28
25 29
26 35
27 35
28 35
29 35
30 31
31 32
32 35
33 34
34 35
35 36
35 44
35 48
35 51
35 53
35 56
35 60
35 61
35 62
36 37
37 38
38 39
39 40
40 42
41 42
42 43
43 50
44 45
45 46
46 47
47 50
48 49
49 50
51 52
52 54
53 54
54 55
57 58
58 59
59 60
61 65
62 63
63 64
64 65
64 66
64 67
