70
17 Inf 16 4 10 11 5 16 Inf Inf 5 11 Inf 3 15 8 15
66 1 38 1 39 27 36 34 31 Inf Inf 32 Inf 64 21 54 33
54 41 16 18 37 47 Inf 50 18 Inf Inf Inf 21 Inf 1 15 52
52 33 6 33 Inf 10 15 34 3 Inf Inf 40 Inf 4 19 27 46
6 4 1 3 4 Inf 4 Inf 3 4 4 Inf 5 Inf 5 Inf Inf
88 9 38 24 70 57 30 31 79 Inf 52 Inf 69 66 81 31 35
21 3 Inf 19 Inf 9 2 16 Inf 15 17 3 6 19 6 7 5
128 84 121 122 125 Inf 21 28 44 27 76 88 45 Inf 30 Inf Inf
68 64 57 3 29 Inf 23 Inf Inf 25 2 23 16 56 39 9 14
70 24 12 49 Inf Inf 21 33 Inf 25 Inf Inf Inf Inf 11 35 9
85 85 46 19 7 45 64 61 19 47 15 54 16 11 66 37 50
21 3 2 Inf 19 13 4 5 2 Inf 4 20 10 16 19 9 Inf
134 106 20 5 128 Inf 5 34 115 9 Inf 12 115 76 Inf 127 Inf
135 81 122 5 25 28 12 63 56 16 64 105 12 40 69 44 Inf
94 Inf Inf 55 77 72 9 21 61 53 Inf 13 71 83 71 90 51
90 43 8 36 64 63 67 Inf 34 27 Inf 41 Inf 30 43 9 Inf
50 19 5 8 30 Inf Inf 24 28 29 4 28 8 Inf 35 Inf 34
143 Inf Inf 142 89 85 135 104 3 Inf 65 56 94 22 Inf 28 90
19 16 1 9 11 7 Inf 12 18 12 9 7 3 8 4 5 12
54 35 31 Inf 19 53 Inf Inf 35 Inf 47 16 Inf 3 41 5 Inf
50 44 14 20 Inf 12 Inf 39 20 32 28 14 Inf Inf 47 13 1
40 9 Inf Inf 3 Inf 10 2 2 6 2 Inf 8 24 12 Inf 27
73 Inf Inf 55 55 13 15 Inf 4 64 16 38 10 13 Inf 10 3
12 10 11 4 3 6 Inf 4 1 12 Inf 11 6 5 2 4 8
152 Inf 152 73 138 Inf Inf 74 87 89 112 22 148 62 23 Inf Inf
42 28 7 39 39 Inf 33 14 10 2 13 Inf 11 19 Inf 22 26
45 18 14 12 22 45 Inf Inf 13 12 23 6 10 4 Inf 23 38
74 Inf 16 6 27 31 9 70 30 1 52 14 61 68 Inf 59 46
26 14 4 3 4 1 20 Inf Inf Inf 14 26 20 4 20 7 Inf
11 7 Inf 7 Inf 1 8 Inf Inf 4 4 9 10 6 2 5 Inf
31 30 8 31 6 3 17 22 20 7 5 Inf 15 20 10 Inf 9
50 45 27 Inf 14 46 47 40 Inf 45 Inf 13 36 8 7 13 21
102 101 44 60 26 81 Inf 35 Inf 99 Inf 72 57 Inf Inf 18 Inf
46 Inf Inf 17 3 9 20 6 Inf 17 12 18 35 38 46 36 30
35 1 2 Inf 24 35 21 33 23 13 Inf 12 2 14 Inf Inf 32
40 37 34 Inf 32 31 24 10 37 11 9 20 33 26 Inf 18 Inf
2 2 1 Inf 1 Inf Inf 1 2 1 Inf 2 Inf 2 1 2 Inf
1 Inf Inf 1 1 1 1 1 1 1 Inf 1 1 1 1 1 1
3 3 1 3 2 1 3 3 1 Inf 1 2 Inf 3 Inf 2 1
13 5 1 9 8 7 10 5 Inf Inf Inf 3 3 3 10 Inf 8
16 6 4 Inf 11 5 2 11 2 Inf 7 Inf 4 4 9 13 16
25 1 19 4 24 24 25 19 12 21 15 17 Inf 14 14 21 Inf
21 12 16 16 10 14 8 12 18 17 8 Inf Inf 13 14 6 3
43 Inf 4 10 9 Inf 27 3 3 20 Inf Inf 36 Inf Inf 14 13
30 17 3 16 14 2 18 Inf 8 20 6 20 Inf Inf 17 5 7
83 Inf 19 78 Inf 55 Inf Inf 78 Inf 16 63 4 5 73 18 48
89 74 52 Inf 24 69 Inf 31 29 76 57 Inf 18 Inf 67 71 48
56 6 Inf 53 37 53 Inf 50 14 21 48 31 16 7 25 Inf 46
59 7 Inf 13 Inf 56 15 57 4 40 20 4 49 49 Inf Inf 4
43 23 Inf Inf Inf Inf 24 32 40 2 7 33 34 21 37 11 Inf
11 Inf 1 7 8 Inf 4 10 6 7 5 2 11 Inf Inf 8 7
26 20 Inf Inf 13 Inf 21 19 11 Inf Inf Inf 12 15 Inf 1 17
44 8 29 16 Inf 22 16 25 Inf 36 Inf 34 32 20 1 22 11
121 4 44 Inf 42 50 29 9 110 Inf Inf 46 97 Inf 23 33 53
38 23 21 Inf 16 11 Inf Inf 34 3 35 28 2 24 28 12 Inf
68 46 13 7 9 64 Inf 64 40 48 18 63 31 Inf 62 Inf 21
22 Inf Inf Inf 8 22 12 Inf Inf 10 18 Inf 16 16 2 14 6
7 Inf Inf 5 Inf 6 2 7 5 Inf 5 5 2 7 6 5 1
16 Inf 10 11 5 13 Inf Inf 4 14 9 10 1 Inf 8 12 12
32 11 28 Inf 23 22 24 11 9 29 9 8 32 31 4 22 3
25 18 8 6 6 4 20 22 19 Inf Inf 2 4 12 Inf Inf 3
27 19 5 13 10 6 11 Inf 26 5 Inf 5 20 4 18 Inf Inf
156 97 Inf 142 61 60 Inf 66 153 37 Inf 81 74 53 8 49 2
28 19 2 27 17 22 18 24 15 9 6 18 26 28 12 6 7
15 8 10 2 Inf 10 5 9 6 4 2 2 15 4 7 5 6
26 17 15 16 Inf 10 Inf 21 7 Inf 5 Inf Inf 17 26 17 14
18 Inf 3 Inf 4 8 8 4 5 18 Inf 3 Inf 7 4 Inf 1
72 39 9 8 67 Inf Inf 18 41 24 Inf Inf 25 Inf 19 26 36
23 6 15 9 2 Inf Inf 3 7 Inf 7 3 12 12 9 2 23
27 27 7 10 18 17 Inf Inf 18 22 27 4 1 21 12 26 18
1 2
1 41
1 69
1 70
2 3
3 4
3 68
4 6
4 7
5 6
5 24
5 30
6 8
7 8
8 12
9 10
10 11
11 12
12 13
12 14
13 23
14 23
15 16
16 17
16 18
17 19
18 19
19 20
19 22
19 57
20 21
21 23
22 23
23 25
23 31
23 33
24 25
25 26
25 27
25 28
25 29
26 35
27 35
28 35
29 35
30 31
31 32
32 35
33 34
34 35
35 36
35 44
35 48
35 51
35 53
35 56
35 60
35 61
35 62
36 37
37 38
38 39
39 40
40 42
41 42
42 43
43 50
44 45
45 46
46 47
47 50
48 49
49 50
51 52
52 54
53 54
54 55
57 58
58 59
59 60
61 65
62 63
63 64
64 65
64 66
64 67
