70
17 5 Inf 5 Inf 10 9 14 12 11 3 16 4 5 Inf 17 8
66 12 51 33 10 54 46 2 Inf 20 12 Inf 22 Inf Inf 41 Inf
54 Inf 4 15 48 Inf 25 28 36 38 54 9 47 Inf Inf 52 19
52 51 Inf 39 Inf 12 16 2 34 25 21 27 1 Inf 42 15 41
6 3 5 6 Inf 3 5 4 2 1 3 3 2 Inf 1 3 5
88 9 48 Inf 83 8 70 Inf Inf 68 19 33 3 12 15 11 80
21 13 5 18 18 19 Inf Inf Inf 20 5 Inf 21 6 19 5 13
128 Inf 58 20 110 39 78 120 43 45 Inf 10 105 26 38 Inf 68
68 Inf Inf 3 49 50 Inf Inf 32 21 52 9 13 4 Inf 68 14
70 Inf 41 44 26 22 39 45 33 62 68 65 25 18 3 Inf 45
85 48 8 18 53 45 61 3 56 Inf 1 17 30 Inf Inf 80 3
21 8 Inf 19 19 10 11 15 3 3 5 16 11 Inf Inf 16 9
134 108 Inf Inf 127 95 37 30 Inf 36 57 Inf Inf 49 Inf Inf 68
135 14 Inf 51 76 100 46 15 Inf Inf 77 Inf Inf 58 131 9 121
94 30 56 67 28 77 74 6 Inf 31 89 63 42 Inf 64 Inf Inf
90 90 57 88 77 21 41 89 13 81 21 72 21 14 Inf 4 86
50 17 Inf 23 29 Inf Inf Inf 45 11 2 7 8 47 Inf 22 23
143 116 Inf 118 134 Inf Inf 1 30 86 7 Inf 29 130 130 135 127
19 19 14 10 11 14 18 Inf 17 16 Inf 4 2 19 2 Inf 15
54 43 41 6 51 24 34 47 13 51 50 52 Inf 14 41 36 Inf
50 6 28 9 23 13 9 47 50 38 45 Inf 26 14 32 Inf 40
40 22 17 Inf 14 9 38 38 2 Inf 29 Inf Inf 21 3 38 27
73 Inf 9 61 21 9 Inf 53 70 13 5 37 70 Inf Inf 10 Inf
12 6 7 1 4 5 4 9 Inf 2 11 12 1 Inf 2 8 Inf
152 Inf 30 Inf 149 Inf 58 114 18 57 91 147 Inf 31 Inf 134 8
42 7 8 29 8 3 17 1 Inf 1 19 11 31 21 Inf 6 42
45 9 27 20 26 Inf 43 Inf 37 24 7 15 Inf 5 36 7 Inf
74 Inf 38 Inf 16 57 57 8 16 41 Inf 54 34 50 20 51 Inf
26 7 14 Inf 1 19 14 2 1 6 12 24 Inf 26 2 Inf 26
11 5 4 1 7 10 11 7 Inf Inf Inf Inf 6 Inf Inf Inf Inf
31 16 29 2 27 3 23 17 15 3 6 20 3 15 1 28 21
50 Inf Inf 30 Inf 48 18 46 Inf Inf 42 3 Inf 39 Inf Inf 19
102 Inf 73 69 52 14 58 70 47 Inf 5 81 52 48 17 21 Inf
46 31 7 Inf 44 Inf Inf Inf Inf 22 27 36 Inf 8 10 46 13
35 7 Inf 22 9 12 14 1 26 25 16 5 Inf Inf 15 11 3
40 39 15 10 Inf Inf 40 1 25 22 40 37 3 28 26 Inf Inf
2 1 1 2 1 1 1 1 2 Inf 2 1 1 1 2 1 Inf
1 Inf Inf 1 1 1 1 1 Inf 1 1 1 1 1 Inf 1 1
3 1 1 3 3 Inf Inf 1 3 2 3 1 2 Inf 2 2 1
13 Inf Inf 11 Inf Inf 8 3 7 3 Inf Inf Inf 9 1 10 1
16 5 12 16 Inf Inf Inf 13 9 4 16 4 11 10 12 12 15
25 24 Inf 21 Inf 18 20 2 19 Inf 13 22 7 24 21 17 Inf
21 18 1 Inf 5 4 Inf Inf 13 Inf 9 Inf 2 15 3 Inf 4
43 26 9 28 32 10 7 20 Inf 23 11 5 5 7 33 Inf 38
30 Inf 22 2 Inf Inf Inf 1 20 26 6 5 6 18 16 26 19
83 Inf 25 Inf 53 Inf Inf 74 1 7 Inf 30 31 Inf Inf Inf 68
89 15 81 72 89 11 41 23 Inf Inf Inf Inf Inf 29 70 23 Inf
56 Inf 34 5 7 2 33 29 8 Inf 44 9 Inf 6 41 23 50
59 35 6 13 35 8 31 Inf 8 Inf 55 30 50 Inf 28 16 36
43 Inf 39 14 9 27 39 Inf 8 40 Inf 36 30 31 25 33 16
11 1 4 5 8 7 Inf 6 4 Inf 4 2 11 7 11 5 11
26 25 16 12 Inf 22 3 20 12 Inf 8 17 22 Inf 5 11 5
44 Inf 37 27 Inf Inf 44 14 20 34 Inf 21 Inf 27 44 Inf 25
121 Inf 67 Inf 44 82 6 89 Inf 66 Inf 87 35 30 25 34 36
38 Inf 21 32 28 3 Inf 4 Inf 9 21 35 22 10 11 Inf 33
68 Inf 9 13 Inf Inf 11 56 13 59 47 5 60 24 Inf 24 Inf
22 15 Inf 17 14 Inf Inf Inf 15 Inf 18 12 21 1 7 4 1
7 Inf 7 1 6 2 7 2 1 1 5 Inf 7 1 3 5 1
16 1 4 2 15 Inf 16 Inf 11 8 1 13 15 15 12 10 11
32 1 Inf 9 Inf 5 30 2 12 Inf 17 21 6 15 18 30 Inf
25 14 18 5 Inf 12 2 10 Inf 19 22 18 6 21 2 18 1
27 5 24 3 5 5 Inf 1 14 14 21 Inf 9 17 13 Inf Inf
156 45 87 45 Inf 54 110 Inf 127 78 Inf 115 54 114 36 5 Inf
28 12 10 13 6 28 19 Inf 15 23 23 9 5 Inf 10 Inf 8
15 2 7 8 2 10 13 3 Inf 6 15 15 13 4 12 10 12
26 Inf 11 21 10 24 4 8 17 Inf 6 21 1 15 26 7 24
18 10 Inf 14 Inf 4 4 9 2 9 Inf 9 5 Inf 1 13 1
72 72 36 52 11 2 53 27 5 20 Inf Inf 71 33 30 53 25
23 21 Inf 2 19 Inf Inf 10 12 21 22 Inf 6 3 Inf 1 8
27 24 3 18 27 8 8 2 8 16 Inf 13 Inf 17 4 22 5
1 2
1 41
1 69
1 70
2 3
3 4
3 68
4 6
4 7
5 6
5 24
5 30
6 8
7 8
8 12
9 10
10 11
11 12
12 13
12 14
13 23
14 23
15 16
16 17
16 18
17 19
18 19
19 20
19 22
19 57
20 21
21 23
22 23
23 25
23 31
23 33
24 25
25 26
25 27
25 28
25 29
26 35
27 35
28 35
29 35
30 31
31 32
32 35
33 34
34 35
35 36
35 44
35 48
35 51
35 53
35 56
35 60
35 61
35 62
36 37
37 38
38 39
39 40
40 42
41 42
42 43
43 50
44 45
45 46
46 47
47 50
48 49
49 50
51 52
52 54
53 54
54 55
57 58
58 59
59 60
61 65
62 63
63 64
64 65
64 66
64 67
