70
17 15 9 Inf Inf Inf 14 12 1 1 3 Inf 4 6 Inf 12 1
66 12 26 51 Inf 51 Inf Inf Inf Inf 29 53 30 9 29 29 66
54 Inf 48 15 Inf 1 38 16 Inf 12 10 16 Inf 36 27 Inf 23
52 42 36 49 Inf Inf Inf Inf 6 18 13 Inf Inf 4 45 Inf 6
6 2 2 6 2 1 Inf 6 Inf 4 3 Inf 6 2 Inf 1 5
88 15 14 Inf 53 Inf 10 Inf Inf 77 35 26 Inf 24 33 Inf 60
21 14 Inf 4 18 6 Inf 9 21 Inf 5 3 5 2 15 Inf 13
128 110 39 49 7 Inf Inf 90 123 45 94 7 108 99 104 27 Inf
68 12 Inf Inf 15 52 Inf 46 26 31 Inf 12 18 47 25 53 64
70 60 59 50 25 41 Inf 30 Inf 5 13 Inf 20 29 Inf 3 33
85 31 3 10 4 Inf 50 12 29 4 Inf 13 24 Inf Inf 22 49
21 Inf Inf Inf 17 10 17 Inf Inf 18 Inf 15 2 5 Inf 5 18
134 123 132 6 86 99 35 117 Inf Inf 121 62 116 49 2 117 41
135 Inf Inf Inf 89 1 52 Inf 60 90 111 56 122 10 39 Inf 111
94 7 80 70 Inf 88 3 26 13 Inf 68 16 18 Inf 41 8 14
90 90 54 32 90 25 77 50 Inf 60 70 54 Inf 64 31 Inf 59
50 13 40 44 49 18 50 47 14 2 34 35 17 17 36 22 33
143 68 Inf Inf 55 44 15 87 Inf 82 Inf 108 37 77 Inf 42 76
19 Inf Inf 4 13 3 8 19 8 13 2 3 11 2 Inf 18 16
54 Inf Inf 47 45 21 13 37 41 42 12 27 Inf 2 29 Inf Inf
50 Inf 31 44 3 7 43 11 8 9 Inf 45 31 29 6 5 Inf
40 31 5 15 37 23 17 16 13 Inf 19 4 31 36 20 16 Inf
73 25 24 51 26 16 10 62 47 45 21 58 Inf Inf Inf 51 Inf
12 Inf 4 Inf 5 8 3 3 Inf 7 3 5 5 1 Inf 5 Inf
152 36 Inf 49 47 96 Inf 54 112 143 38 76 43 137 28 36 119
42 8 10 24 18 34 42 1 7 13 27 18 12 5 31 Inf 22
45 12 Inf 2 Inf 6 31 Inf 39 7 8 5 30 11 9 21 Inf
74 Inf Inf 61 11 Inf 29 3 8 21 24 2 49 69 7 Inf 18
26 7 8 Inf 4 Inf 16 Inf Inf 19 18 20 20 Inf 4 24 3
11 8 Inf Inf Inf 9 Inf 2 7 3 9 3 2 7 Inf 1 Inf
31 2 16 28 22 21 17 Inf Inf 6 Inf Inf Inf 29 7 11 17
50 Inf 17 Inf 8 47 39 27 6 11 Inf 4 Inf 29 4 44 2
102 75 9 76 Inf 75 62 53 Inf 22 12 16 17 Inf 66 80 95
46 2 41 43 Inf Inf 36 Inf 38 27 37 Inf 28 Inf 23 17 13
35 Inf 27 1 Inf 25 3 23 2 22 26 14 Inf Inf 23 7 17
40 27 Inf 36 23 Inf 24 20 37 17 20 23 39 9 Inf Inf 14
2 2 1 1 Inf 1 2 2 1 1 1 2 1 1 2 2 1
1 1 1 Inf 1 Inf 1 Inf 1 1 1 1 1 Inf 1 Inf Inf
3 1 3 2 3 2 3 Inf 2 2 1 Inf 1 2 3 3 Inf
13 13 3 4 11 12 3 8 5 3 6 3 7 9 Inf 1 13
16 1 2 3 Inf Inf 3 5 10 16 7 Inf 2 Inf 7 Inf 11
25 Inf 9 Inf 21 17 14 1 25 14 11 3 4 Inf 20 Inf 10
21 20 15 21 14 Inf 4 Inf 11 9 8 18 16 16 7 21 2
43 16 Inf 18 31 6 Inf 3 35 Inf 13 12 31 9 20 Inf Inf
30 30 Inf Inf Inf 7 27 5 7 11 6 13 Inf 10 26 Inf 26
83 80 33 11 11 Inf 82 45 Inf 77 16 62 44 21 3 30 10
89 86 51 26 6 Inf Inf 32 70 Inf Inf 13 59 60 63 53 1
56 Inf 31 56 55 Inf Inf 23 Inf 5 23 Inf 38 51 43 7 Inf
59 4 7 41 1 56 23 1 11 35 Inf 8 Inf Inf 37 12 37
43 6 38 22 Inf 20 17 34 13 Inf 30 12 Inf Inf 39 Inf Inf
11 9 7 3 10 8 6 6 2 4 Inf 1 10 11 1 2 2
26 26 11 13 5 20 6 24 17 26 9 Inf 14 1 1 Inf 8
44 10 17 30 44 20 28 18 41 Inf Inf 17 Inf 20 Inf 31 32
121 103 72 52 Inf Inf 117 Inf 2 104 Inf 79 111 Inf 42 105 70
38 36 26 36 11 24 17 33 1 34 2 6 30 Inf Inf 5 28
68 Inf Inf 12 Inf 12 Inf 48 16 14 28 1 46 10 13 Inf 44
22 8 18 16 17 12 13 Inf 6 19 4 20 8 6 14 6 14
7 3 5 7 5 1 3 Inf 7 6 5 1 7 2 1 5 1
16 16 Inf 16 10 5 1 10 Inf 2 Inf 5 9 2 12 13 Inf
32 29 Inf 24 17 19 12 4 Inf 20 Inf 14 8 2 7 5 19
25 16 12 5 16 11 4 15 Inf Inf 4 11 17 7 11 Inf 4
27 10 Inf Inf Inf Inf 26 15 17 22 Inf Inf 6 Inf 5 19 18
156 65 Inf 26 6 23 34 6 12 95 24 Inf 74 156 Inf 10 91
28 28 Inf 19 Inf 21 8 Inf 3 12 1 25 Inf 8 Inf 8 25
15 8 7 11 Inf 4 5 13 13 3 1 Inf 12 5 14 Inf 15
26 6 Inf 9 2 13 6 22 26 Inf Inf 3 17 7 12 15 5
18 2 2 Inf 13 2 Inf 15 Inf 3 6 14 10 Inf 12 Inf 2
72 Inf 29 14 Inf 15 65 53 63 56 16 25 15 5 40 59 22
23 14 13 Inf 4 1 7 Inf 22 12 20 3 13 15 6 7 23
27 Inf 23 1 7 10 6 17 23 10 Inf 4 Inf Inf 3 11 Inf
1 2
1 41
1 69
1 70
2 3
3 4
3 68
4 6
4 7
5 6
5 24
5 30
6 8
7 8
8 12
9 10
10 11
11 12
12 13
12 14
13 23
14 23
15 16
16 17
16 18
17 19
18 19
19 20
19 22
19 57
20 21
21 23
22 23
23 25
23 31
23 33
24 25
25 26
25 27
25 28
25 29
26 35
27 35
28 35
29 35
30 31
31 32
32 35
33 34
34 35
35 36
35 44
35 48
35 51
35 53
35 56
35 60
35 61
35 62
36 37
37 38
38 39
39 40
40 42
41 42
42 43
43 50
44 45
45 46
46 47
47 50
48 49
49 50
51 52
52 54
53 54
54 55
57 58
58 59
59 60
61 65
62 63
63 64
64 65
64 66
64 67
