70
17 10 3 6 12 Inf Inf 13 1 Inf Inf 5 2 4 Inf 9 Inf
66 65 Inf 4 13 16 Inf Inf 56 21 58 Inf Inf Inf 6 56 Inf
54 Inf 50 22 Inf 28 26 8 Inf 16 25 54 Inf Inf Inf Inf 33
52 4 5 Inf Inf 11 Inf 15 16 49 43 49 32 Inf 40 Inf 37
6 1 1 1 Inf 5 2 2 6 1 6 3 Inf 4 3 6 Inf
88 19 13 23 25 20 40 13 Inf Inf 69 69 24 15 87 87 49
21 Inf Inf 12 Inf 6 8 4 Inf Inf Inf 1 14 5 3 4 Inf
128 108 6 23 39 15 83 22 96 15 52 Inf 127 66 90 76 64
68 27 51 18 24 60 27 2 45 30 16 9 11 Inf 7 38 Inf
70 58 Inf 17 22 Inf 18 20 7 55 Inf Inf 53 6 34 24 Inf
85 65 45 Inf 50 11 Inf 1 59 75 21 18 Inf 18 24 42 Inf
21 18 6 9 Inf 2 21 Inf 14 17 7 Inf 1 16 18 9 2
134 13 20 104 37 26 23 13 10 56 Inf 83 32 53 82 98 Inf
135 35 71 Inf 19 Inf Inf 27 125 67 91 44 2 102 108 71 53
94 25 21 24 43 31 27 73 29 Inf 33 75 Inf 21 30 9 Inf
90 25 6 90 50 84 77 7 45 35 68 69 Inf Inf 78 Inf 65
50 Inf 23 Inf 18 50 13 37 32 Inf 41 Inf 30 33 Inf 1 35
143 Inf 134 35 24 88 32 Inf 63 Inf Inf Inf 126 37 87 Inf 12
19 7 8 Inf 19 14 4 6 2 5 1 19 15 10 Inf 2 13
54 40 1 26 Inf 11 9 29 Inf 7 22 Inf 10 34 54 29 7
50 Inf 20 4 49 Inf Inf 31 19 5 13 Inf 19 10 5 Inf 8
40 30 16 Inf 11 Inf 30 8 Inf 21 2 13 2 Inf 35 12 Inf
73 30 71 36 69 57 43 70 39 53 44 72 16 43 32 23 44
12 5 6 10 Inf 5 Inf 5 Inf Inf 3 10 11 Inf Inf 7 Inf
152 Inf Inf Inf 41 86 21 Inf 121 20 12 Inf Inf 51 38 Inf 27
42 26 32 9 4 28 7 Inf 20 38 6 6 4 17 Inf 25 32
45 6 Inf 23 36 37 8 Inf 30 24 17 14 23 14 31 29 11
74 56 72 71 Inf 29 54 18 18 Inf 27 47 70 42 6 55 15
26 22 3 2 17 Inf 3 16 10 20 5 4 7 23 13 5 14
11 5 4 7 6 2 Inf 1 Inf 5 5 7 8 Inf 6 Inf Inf
31 7 3 18 13 Inf 28 2 9 14 7 6 18 28 19 Inf 28
50 33 28 21 3 34 32 25 Inf Inf Inf 41 8 Inf 47 Inf Inf
102 Inf Inf 69 100 21 Inf 42 47 14 90 81 65 32 29 Inf 102
46 21 21 33 Inf Inf 44 15 35 1 Inf 30 44 16 Inf 11 25
35 Inf 20 16 Inf 13 Inf Inf 20 Inf 6 4 10 7 7 11 Inf
40 Inf 16 18 9 21 31 38 28 12 Inf 13 Inf 16 28 Inf 27
2 1 Inf Inf 2 2 1 2 1 2 1 1 Inf 2 1 1 1
1 Inf 1 1 1 Inf 1 Inf Inf 1 Inf 1 1 1 1 1 1
3 Inf 1 1 Inf 2 3 1 2 Inf 3 1 3 3 3 1 2
13 1 4 7 10 1 5 Inf 1 4 7 3 10 2 1 Inf 7
16 6 6 11 Inf 13 12 Inf 4 3 Inf 2 7 15 Inf 16 8
25 2 15 3 7 22 4 5 5 2 Inf 5 Inf 19 13 12 19
21 13 1 11 20 14 18 17 17 Inf 15 20 Inf 6 3 19 9
43 9 9 Inf Inf 10 18 39 34 Inf Inf 3 Inf 32 Inf Inf Inf
30 29 Inf Inf 25 11 2 9 22 27 Inf 16 11 3 8 Inf 1
83 64 46 Inf 60 72 19 Inf 29 48 65 Inf 37 Inf Inf 2 19
89 42 15 15 89 48 72 34 25 40 16 51 Inf 81 12 Inf 43
56 43 4 30 55 48 30 9 2 8 30 55 37 55 2 33 53
59 25 40 37 51 18 19 28 12 Inf Inf 37 11 40 2 Inf Inf
43 34 35 Inf 30 20 16 23 3 14 33 39 13 36 2 Inf 11
11 6 2 9 8 3 Inf 7 6 8 7 5 7 8 10 11 Inf
26 7 25 8 7 20 25 1 16 4 2 Inf 7 4 16 17 Inf
44 Inf 20 Inf 34 18 31 Inf 9 22 6 9 1 38 38 18 14
121 3 33 45 73 58 11 40 Inf Inf 76 78 94 52 Inf 7 4
38 4 11 Inf 2 7 35 21 11 8 Inf 35 Inf 32 8 8 38
68 Inf Inf Inf 27 15 Inf 59 35 Inf 22 22 2 Inf 55 27 49
22 Inf 7 21 5 Inf 19 2 Inf Inf Inf 15 22 11 Inf 19 14
7 2 5 5 Inf 6 4 5 Inf 7 7 Inf 7 4 1 2 3
16 4 7 6 10 16 10 Inf 2 16 11 6 Inf 3 Inf 7 16
32 20 9 27 2 Inf 10 11 9 15 27 23 3 8 11 6 Inf
25 2 16 1 2 18 20 5 Inf 13 10 14 20 3 18 3 13
27 19 Inf 11 7 5 10 17 1 18 Inf 8 Inf 19 Inf 8 7
156 1 68 115 109 Inf Inf 81 Inf 17 37 Inf 152 Inf Inf 104 Inf
28 9 24 Inf 23 14 3 22 10 16 20 9 25 Inf Inf 3 20
15 9 Inf Inf 7 1 Inf 14 Inf 13 10 1 15 15 10 14 7
26 5 Inf 25 7 25 2 Inf Inf 1 19 24 Inf 11 7 7 6
18 8 6 Inf Inf 10 14 1 6 15 10 3 Inf Inf 17 11 1
72 26 Inf 53 28 Inf Inf Inf 60 20 32 Inf 36 44 19 56 50
23 12 5 14 1 21 Inf 15 13 Inf 9 10 Inf 21 9 22 12
27 1 10 Inf 27 8 Inf 11 9 13 19 5 Inf Inf 17 7 20
1 2
1 41
1 69
1 70
2 3
3 4
3 68
4 6
4 7
5 6
5 24
5 30
6 8
7 8
8 12
9 10
10 11
11 12
12 13
12 14
13 23
14 23
15 16
16 17
16 18
17 19
18 19
19 20
19 22
19 57
20 21
21 23
22 23
23 25
23 31
23 33
24 25
25 26
25 27
25 28
25 29
26 35
27 35
28 35
29 35
30 31
31 32
32 35
33 34
34 35
35 36
35 44
35 48
35 51
35 53
35 56
35 60
35 61
35 62
36 37
37 38
38 39
39 40
40 42
41 42
42 43
43 50
44 45
45 46
46 47
47 50
48 49
49 50
51 52
52 54
53 54
54 55
57 58
58 59
59 60
61 65
62 63
63 64
64 65
64 66
64 67
