70
17 17 8 Inf 16 1 7 Inf 3 9
66 64 44 4 33 19 56 13 48 Inf
54 32 16 47 17 37 39 15 40 1
52 37 11 37 32 Inf 2 21 23 16
6 2 Inf 4 5 2 4 5 Inf 6
88 10 Inf 17 36 66 38 24 32 49
21 12 14 1 Inf 21 2 2 5 11
128 45 77 123 11 35 32 Inf Inf 26
68 7 67 26 38 15 28 28 16 33
70 12 49 13 2 31 66 Inf 8 36
85 72 76 Inf Inf 84 32 26 83 38
21 Inf 5 6 17 Inf 16 15 15 2
134 Inf 60 59 57 54 108 Inf 42 10
135 62 36 Inf 57 135 4 14 109 92
94 38 71 90 34 72 44 9 71 80
90 77 30 76 59 77 39 36 73 12
50 12 Inf 35 21 39 46 7 Inf 35
143 73 121 128 Inf 43 37 32 24 98
19 15 13 15 6 4 18 1 16 2
54 Inf 4 4 33 34 52 30 18 33
50 39 25 36 Inf 39 6 8 12 Inf
40 22 36 24 30 6 1 13 38 Inf
73 30 36 15 21 72 16 55 48 16
12 7 12 10 5 1 11 4 11 6
152 63 33 Inf 45 38 12 Inf 92 Inf
42 11 40 21 30 35 Inf 17 7 7
45 8 26 20 30 22 21 Inf 35 36
74 52 58 1 3 16 2 26 44 24
26 Inf 15 4 2 25 8 18 4 3
11 8 8 Inf 2 1 10 6 6 3
31 25 22 1 6 Inf Inf 31 7 Inf
50 28 41 32 45 Inf 7 37 3 22
102 Inf 74 4 23 93 Inf 50 83 Inf
46 44 34 20 25 13 Inf 6 22 7
35 34 6 5 6 5 31 6 32 5
40 26 36 9 30 33 23 Inf 8 19
2 2 Inf 2 2 2 1 2 2 1
1 1 1 1 1 1 1 1 Inf 1
3 2 1 1 1 2 Inf 3 3 1
13 9 3 11 4 2 6 6 5 1
16 3 11 5 12 12 1 3 4 2
25 12 3 22 1 8 18 2 22 13
21 7 Inf 1 17 9 1 11 21 9
43 37 42 21 Inf 34 6 4 35 29
30 9 3 21 13 3 28 21 Inf 13
83 2 62 16 9 6 80 28 Inf 22
89 22 64 31 4 43 Inf 80 Inf Inf
56 23 Inf 5 35 8 4 37 30 34
59 11 28 17 45 58 31 38 29 Inf
43 8 Inf 1 3 Inf 13 Inf 23 31
11 10 10 8 3 5 5 10 7 5
26 25 6 14 10 4 26 Inf 2 1
44 44 Inf 12 25 31 25 7 10 16
121 39 28 2 Inf 11 49 20 Inf 74
38 17 27 Inf 8 10 32 27 34 10
68 38 29 61 68 50 8 15 5 6
22 21 Inf 9 10 14 12 6 11 13
7 1 2 Inf 1 3 Inf 4 3 5
16 3 Inf 16 Inf 2 9 14 Inf 8
32 29 28 31 12 18 9 24 14 2
25 13 Inf Inf 1 Inf 1 15 5 18
27 23 25 Inf 1 21 27 12 5 12
156 140 47 120 74 122 53 34 81 138
28 7 Inf 22 Inf 3 12 6 6 15
15 Inf 9 3 Inf 3 Inf 11 4 Inf
26 1 Inf Inf 2 1 4 14 20 17
18 Inf 6 13 9 4 3 Inf 7 6
72 Inf 20 18 37 48 14 59 38 44
23 6 7 23 7 Inf 7 1 18 Inf
27 4 5 21 14 7 12 24 25 22
1 2
1 41
1 69
1 70
2 3
3 4
3 68
4 6
4 7
5 6
5 24
5 30
6 8
7 8
8 12
9 10
10 11
11 12
12 13
12 14
13 23
14 23
15 16
16 17
16 18
17 19
18 19
19 20
19 22
19 57
20 21
21 23
22 23
23 25
23 31
23 33
24 25
25 26
25 27
25 28
25 29
26 35
27 35
28 35
29 35
30 31
31 32
32 35
33 34
34 35
35 36
35 44
35 48
35 51
35 53
35 56
35 60
35 61
35 62
36 37
37 38
38 39
39 40
40 42
41 42
42 43
43 50
44 45
45 46
46 47
47 50
48 49
49 50
51 52
52 54
53 54
54 55
57 58
58 59
59 60
61 65
62 63
63 64
64 65
64 66
64 67
