70
17 Inf 9 8 12 8 3 Inf Inf 13 30 1 23 31 11 6 12
66 Inf 67 107 2 48 37 82 8 107 20 38 56 45 120 91 36
54 1 54 21 44 60 88 Inf 94 60 44 58 4 8 26 11 98
52 85 50 47 42 2 44 86 90 1 23 11 Inf 63 89 26 85
6 3 5 3 7 5 12 8 6 Inf 8 1 4 4 4 2 11
88 160 62 35 Inf 105 16 5 106 Inf 55 147 103 121 Inf 169 27
21 26 6 41 Inf 15 Inf Inf Inf 24 12 19 Inf 9 12 26 4
128 Inf 66 201 256 Inf 4 Inf 153 19 232 191 232 Inf 256 226 122
68 136 16 123 88 Inf 120 95 20 118 4 42 Inf 93 37 20 Inf
70 34 102 72 12 38 64 101 127 110 39 62 60 4 1 82 110
85 38 58 41 152 Inf 12 22 114 95 92 105 56 7 162 107 129
21 33 31 17 22 19 36 24 5 6 39 31 25 38 33 18 42
134 22 88 2 32 162 237 28 66 249 77 237 86 136 19 204 133
135 172 133 Inf 90 249 8 88 201 143 96 176 23 168 117 248 Inf
94 188 130 58 65 182 75 128 172 83 38 101 161 Inf 92 18 24
90 141 83 Inf 67 Inf 29 154 167 121 147 136 116 64 120 84 157
50 Inf 12 99 7 70 17 25 10 Inf 3 20 91 7 79 36 11
143 76 196 103 33 Inf 15 189 254 194 Inf 261 276 164 13 13 Inf
19 33 9 6 Inf 24 Inf 6 4 Inf 16 18 Inf 37 32 3 20
54 36 6 102 74 13 Inf 65 54 31 101 12 23 73 9 92 16
50 71 26 11 62 61 12 48 18 30 84 24 97 46 94 1 12
40 25 72 49 Inf 70 16 51 66 11 29 18 74 33 6 Inf 68
73 33 79 33 141 Inf 71 87 121 Inf 138 18 Inf 19 138 138 63
12 Inf Inf 14 14 4 11 15 5 11 14 6 17 16 6 Inf 1
152 102 Inf 245 53 42 158 268 Inf 289 228 221 55 62 53 Inf 145
42 56 36 79 44 Inf 57 4 27 7 38 2 30 34 15 80 20
45 68 44 46 10 10 Inf Inf 3 56 58 20 20 Inf 44 5 32
74 51 91 137 72 31 Inf 76 22 1 91 18 33 80 15 25 124
26 51 24 5 46 Inf 26 5 31 Inf 33 Inf 21 16 24 26 Inf
11 6 4 8 Inf 17 4 12 4 9 4 13 9 Inf 7 4 9
31 55 Inf 47 21 2 4 12 47 17 6 Inf 16 8 Inf 47 20
50 60 20 72 23 Inf Inf 67 20 20 35 22 20 17 33 Inf 80
102 52 27 46 26 83 110 37 92 90 Inf 8 155 172 151 5 197
46 70 9 78 57 46 84 16 7 Inf 62 58 16 Inf 66 55 33
35 37 49 Inf 2 36 21 22 53 10 5 14 Inf Inf 54 9 58
40 10 36 76 Inf 38 2 13 7 15 7 6 39 7 12 76 54
2 4 2 1 2 2 3 3 2 4 3 Inf 4 2 1 1 2
1 2 2 2 1 2 Inf 2 2 2 2 1 1 1 1 Inf 2
3 6 1 5 4 4 4 4 4 5 6 5 1 Inf 1 1 Inf
13 21 24 2 17 9 14 10 23 15 12 23 6 3 21 20 14
16 27 Inf 18 31 12 3 15 2 32 Inf 15 17 14 20 22 Inf
25 7 37 33 14 50 31 46 23 25 6 17 15 45 13 43 Inf
21 32 1 10 38 Inf Inf 39 38 22 13 11 Inf 16 30 8 11
43 46 Inf 27 69 29 74 75 41 11 58 72 3 15 56 6 45
30 39 33 46 4 18 46 22 3 Inf 51 29 11 14 8 Inf 26
83 102 97 116 162 Inf 81 121 74 97 37 117 150 20 47 19 137
89 123 14 144 10 82 171 22 97 18 Inf 10 38 155 Inf 52 Inf
56 88 65 51 71 36 28 90 26 18 46 52 93 17 105 23 84
59 12 100 Inf 62 42 89 Inf 11 44 70 11 90 111 50 Inf 76
43 56 39 84 45 26 34 Inf Inf 82 30 86 28 1 32 4 27
11 7 11 17 Inf 12 1 3 Inf 8 21 10 10 1 11 12 12
26 9 48 10 27 6 Inf Inf 47 22 12 52 Inf 6 18 29 Inf
44 71 56 6 Inf Inf 49 68 23 26 64 Inf Inf 69 40 68 76
121 Inf 51 49 79 105 1 53 212 Inf 83 155 97 92 109 237 41
38 57 17 41 67 7 70 50 Inf 32 64 13 65 6 40 37 34
68 21 4 Inf 114 127 100 45 94 73 Inf Inf 56 Inf 49 98 52
22 41 10 8 Inf 10 6 20 1 44 37 Inf 16 25 20 5 13
7 Inf 13 6 8 1 12 9 8 5 4 10 8 11 3 Inf 9
16 16 30 4 17 1 17 14 9 8 17 6 10 19 20 1 8
32 58 13 38 Inf 23 47 42 25 61 5 Inf 47 32 43 52 3
25 34 31 10 34 Inf Inf 39 43 19 11 2 32 29 Inf 18 49
27 11 3 13 12 34 14 Inf 11 33 Inf Inf Inf 24 32 44 52
156 47 Inf 156 23 255 173 158 96 293 84 302 Inf 105 295 307 116
28 3 33 15 47 11 Inf 46 2 16 1 27 45 16 52 51 41
15 6 30 11 Inf 17 16 10 17 27 22 3 27 11 9 2 13
26 26 17 25 44 40 12 2 12 5 22 23 7 26 29 21 9
18 33 36 15 16 2 34 19 35 Inf Inf 19 23 33 18 9 34
72 110 136 96 7 Inf 137 Inf 53 1 13 127 8 30 94 131 27
23 6 18 32 42 25 Inf 11 Inf 22 20 Inf 2 45 14 6 17
27 12 Inf Inf 13 54 15 12 38 9 16 37 45 Inf Inf 9 43
1 2
1 41
1 69
1 70
2 3
3 4
3 68
4 6
4 7
5 6
5 24
5 30
6 8
7 8
8 12
9 10
10 11
11 12
12 13
12 14
13 23
14 23
15 16
16 17
16 18
17 19
18 19
19 20
19 22
19 57
20 21
21 23
22 23
23 25
23 31
23 33
24 25
25 26
25 27
25 28
25 29
26 35
27 35
28 35
29 35
30 31
31 32
32 35
33 34
34 35
35 36
35 44
35 48
35 51
35 53
35 56
35 60
35 61
35 62
36 37
37 38
38 39
39 40
40 42
41 42
42 43
43 50
44 45
45 46
46 47
47 50
48 49
49 50
51 52
52 54
53 54
54 55
57 58
58 59
59 60
61 65
62 63
63 64
64 65
64 66
64 67
