70
17 8 Inf 20 9 19 31 19 9 18 3 27 17 28 6 14 4
66 30 Inf 110 30 93 11 72 85 2 10 10 44 34 31 83 121
54 20 8 Inf 45 100 Inf 9 97 25 Inf 94 76 44 9 99 66
52 103 65 13 84 12 79 14 43 50 16 72 11 80 82 77 Inf
6 6 6 12 9 7 5 12 6 6 1 4 6 8 Inf 7 Inf
88 158 31 130 139 1 160 148 155 133 Inf 137 Inf 94 30 74 73
21 1 9 39 31 Inf 37 21 33 36 30 15 33 33 13 10 38
128 73 Inf 62 174 99 234 42 142 Inf Inf 57 239 87 177 Inf 66
68 36 112 13 77 Inf 17 8 104 69 14 30 93 110 Inf 39 Inf
70 Inf 134 16 122 84 55 58 82 81 19 38 120 42 120 28 140
85 Inf 51 136 70 163 22 11 55 5 33 169 108 59 149 120 1
21 42 17 39 12 27 Inf 4 20 22 26 Inf 26 19 11 28 38
134 169 213 41 Inf 190 Inf Inf 210 13 98 22 69 262 221 6 196
135 168 210 105 Inf 155 127 Inf 212 Inf 102 193 99 97 142 132 237
94 77 137 136 83 130 Inf 121 105 76 Inf 105 81 120 13 131 28
90 56 Inf 72 Inf 23 142 152 61 58 149 45 17 63 21 127 Inf
50 Inf Inf 90 31 100 51 Inf 97 Inf 40 13 6 92 57 Inf 64
143 9 64 37 Inf 56 236 207 283 163 173 110 277 76 115 60 Inf
19 2 11 27 15 Inf 10 5 Inf 6 36 1 Inf 19 31 22 25
54 12 26 46 92 102 43 53 104 7 89 50 26 94 27 79 29
50 12 Inf 5 70 22 8 Inf 37 Inf Inf 52 Inf 90 21 4 1
40 42 27 40 37 23 77 37 55 Inf 32 1 64 44 70 Inf 72
73 22 74 102 135 18 Inf Inf 13 106 13 58 128 18 115 58 106
12 21 4 18 9 9 19 3 9 9 22 15 Inf 13 21 2 7
152 93 13 94 105 60 199 15 57 25 118 248 143 Inf Inf 7 186
42 47 21 63 Inf Inf 21 52 76 26 67 48 83 40 38 45 25
45 33 28 17 82 56 2 52 83 43 64 11 47 35 84 74 37
74 29 65 147 18 133 38 94 116 Inf 97 66 4 23 138 Inf 37
26 24 19 51 34 48 24 49 40 43 51 24 19 50 49 8 49
11 17 16 14 19 10 21 Inf Inf 1 Inf 12 5 3 12 19 2
31 8 43 27 Inf 34 15 34 Inf 8 23 56 10 6 30 57 13
50 27 1 52 79 39 13 85 24 69 67 65 49 Inf 10 34 71
102 99 82 97 1 95 89 86 59 176 22 33 108 23 44 101 7
46 Inf 30 Inf 75 79 90 13 18 60 28 Inf 4 73 55 44 Inf
35 4 Inf 61 23 30 23 20 69 41 46 2 46 16 Inf 23 62
40 44 13 Inf 76 8 25 32 41 62 78 19 10 29 49 21 56
2 Inf 1 Inf Inf 2 2 1 4 4 Inf 1 1 3 4 Inf 1
1 1 2 1 2 Inf 1 1 1 1 Inf 2 Inf 1 1 1 2
3 4 2 4 2 5 4 Inf 3 5 4 2 3 4 2 1 2
13 18 13 10 1 22 20 10 3 Inf 5 6 24 8 4 17 19
16 9 13 14 28 8 6 7 Inf 22 14 25 18 13 7 12 7
25 40 44 37 41 19 44 21 36 10 Inf 32 23 41 36 9 31
21 Inf 20 14 32 10 20 5 34 Inf 35 8 23 1 Inf 17 Inf
43 5 84 62 56 72 14 31 63 33 8 86 10 29 12 Inf 19
30 8 Inf 36 55 14 5 57 53 30 13 22 12 Inf 23 21 50
83 23 29 18 15 91 59 52 76 Inf 110 43 50 42 107 71 Inf
89 Inf 49 143 106 94 126 Inf 146 111 156 114 36 Inf 142 12 47
56 41 31 52 50 26 112 56 106 30 90 67 81 Inf Inf Inf 31
59 65 67 5 96 27 83 84 111 42 108 22 77 Inf 10 114 3
43 84 Inf 23 1 20 Inf 68 6 23 15 61 71 Inf 8 59 80
11 21 2 20 5 5 14 3 20 16 2 14 12 Inf 1 5 13
26 2 12 4 Inf 14 49 7 40 Inf 32 39 31 50 45 3 20
44 79 6 67 37 2 21 78 70 Inf 25 69 53 12 24 52 23
121 Inf 1 153 168 168 57 158 181 16 139 232 40 165 3 12 203
38 12 9 Inf 4 Inf 10 Inf 21 69 1 60 67 16 26 67 Inf
68 32 Inf 109 20 30 130 82 132 60 49 95 14 46 97 131 78
22 40 13 8 19 28 28 36 42 11 9 Inf 8 2 39 Inf 2
7 6 3 11 14 11 4 12 4 4 7 3 1 1 9 2 4
16 11 2 23 6 12 Inf 13 7 14 9 6 6 32 22 24 31
32 39 30 7 20 29 45 Inf 49 Inf 25 Inf 9 17 21 56 5
25 9 Inf 16 20 5 43 29 8 19 33 39 25 46 44 Inf 21
27 43 40 45 33 50 54 6 53 40 20 53 Inf 24 18 42 1
156 115 143 265 155 66 285 212 218 55 278 Inf 8 155 236 46 186
28 33 12 14 39 52 38 29 11 44 14 6 Inf 17 11 8 51
15 28 20 5 9 30 17 24 6 Inf 25 6 21 10 14 21 27
26 Inf 3 Inf 20 41 49 21 41 50 49 37 17 36 32 45 43
18 27 23 29 14 22 Inf 22 2 2 17 17 23 Inf 28 7 26
72 13 124 98 63 30 82 99 3 89 1 36 50 Inf 103 56 Inf
23 13 Inf 19 19 40 13 40 26 6 21 24 8 3 Inf 10 8
27 6 14 1 54 46 41 Inf 41 44 11 23 Inf 5 9 11 46
1 2
1 41
1 69
1 70
2 3
3 4
3 68
4 6
4 7
5 6
5 24
5 30
6 8
7 8
8 12
9 10
10 11
11 12
12 13
12 14
13 23
14 23
15 16
16 17
16 18
17 19
18 19
19 20
19 22
19 57
20 21
21 23
22 23
23 25
23 31
23 33
24 25
25 26
25 27
25 28
25 29
26 35
27 35
28 35
29 35
30 31
31 32
32 35
33 34
34 35
35 36
35 44
35 48
35 51
35 53
35 56
35 60
35 61
35 62
36 37
37 38
38 39
39 40
40 42
41 42
42 43
43 50
44 45
45 46
46 47
47 50
48 49
49 50
51 52
52 54
53 54
54 55
57 58
58 59
59 60
61 65
62 63
63 64
64 65
64 66
64 67
