70
17 1 6 27 9 Inf 14 9 15 17 19 4 27 8 23 7 2
66 2 130 53 126 15 5 113 99 43 67 13 105 126 14 131 116
54 18 2 89 76 101 9 61 108 61 45 Inf Inf 14 16 27 11
52 85 83 61 1 96 14 86 64 Inf 73 85 66 43 22 44 61
6 6 1 4 12 Inf 8 1 Inf 8 10 2 3 3 Inf 10 2
88 144 79 71 64 78 104 Inf 24 14 12 161 144 39 8 132 94
21 33 18 5 3 3 33 35 Inf 30 Inf 1 10 38 29 20 17
128 254 214 202 33 75 146 242 45 223 18 161 205 58 33 158 92
68 25 Inf 40 26 43 19 29 44 32 19 63 62 99 Inf Inf 28
70 55 41 19 73 27 126 26 135 Inf 140 19 Inf 66 5 42 47
85 46 38 88 144 Inf Inf 118 85 29 141 Inf Inf 56 12 31 100
21 11 29 15 9 33 31 11 Inf 7 26 6 11 3 19 18 16
134 28 75 140 137 232 55 58 Inf 93 141 244 60 174 88 72 78
135 Inf 26 157 29 Inf 245 Inf Inf 208 Inf 131 Inf 135 126 73 208
94 Inf 142 98 40 163 101 105 153 130 34 76 158 50 151 43 Inf
90 11 119 2 114 109 Inf 94 58 Inf 158 85 69 33 14 35 76
50 69 18 98 62 95 4 40 69 47 25 17 64 12 99 80 Inf
143 Inf 49 Inf Inf 140 163 32 200 18 90 Inf 69 Inf 163 135 174
19 4 Inf 4 1 24 30 30 1 34 15 7 10 9 21 30 25
54 64 Inf 80 60 Inf 6 76 77 93 24 102 36 103 49 2 Inf
50 83 54 37 63 9 2 10 49 23 60 Inf 83 11 28 11 Inf
40 79 31 7 66 67 Inf 19 70 45 48 23 36 31 24 Inf 72
73 Inf Inf 143 29 126 20 100 21 139 41 Inf 1 113 40 57 117
12 11 1 7 9 23 9 14 Inf Inf 5 6 6 3 2 6 22
152 126 288 125 120 255 32 206 205 19 53 27 282 135 264 164 245
42 28 Inf 72 18 27 78 19 23 14 28 Inf 14 48 26 70 Inf
45 19 90 79 7 Inf 77 35 37 4 19 11 Inf 64 17 84 81
74 125 48 47 30 30 140 8 24 26 23 60 26 101 83 33 48
26 34 38 Inf 32 Inf 42 27 Inf 47 30 48 18 Inf 14 25 4
11 2 5 11 12 11 6 1 15 1 12 10 12 16 3 10 5
31 10 28 5 37 22 55 32 54 5 12 29 21 1 60 15 27
50 21 54 88 Inf Inf 27 Inf 48 23 65 12 33 26 20 6 12
102 139 90 Inf 82 Inf 159 Inf 66 123 17 54 38 27 177 199 87
46 7 38 27 22 75 26 35 76 Inf 7 68 16 32 10 63 Inf
35 15 1 70 24 17 Inf 29 70 16 6 3 50 5 58 15 12
40 14 20 76 15 78 Inf Inf 24 55 22 67 30 Inf 29 52 17
2 3 2 4 3 4 4 Inf 2 3 Inf 3 3 Inf Inf 2 2
1 Inf Inf Inf 1 2 2 Inf 2 2 2 Inf 2 2 2 1 2
3 4 Inf 4 2 3 Inf 2 4 3 3 2 6 6 2 4 6
13 5 1 26 23 14 4 7 11 Inf 2 3 Inf 8 22 2 17
16 12 8 7 22 2 3 21 25 31 32 18 24 Inf 1 Inf 14
25 20 47 20 11 15 25 46 Inf 2 48 Inf 31 31 Inf 9 7
21 18 11 Inf 29 38 12 Inf 28 1 Inf 34 31 8 34 9 Inf
43 14 Inf 83 9 69 48 8 47 85 76 9 46 8 Inf 37 18
30 4 14 51 58 29 36 11 12 24 18 30 58 12 45 47 35
83 84 146 116 5 128 95 128 57 116 155 70 Inf 8 62 140 148
89 117 95 12 95 54 129 129 77 1 Inf 121 34 Inf 144 169 135
56 110 Inf Inf 62 Inf 30 89 106 102 5 9 19 5 Inf 37 42
59 1 80 2 40 34 107 25 7 18 93 99 50 2 88 19 42
43 30 59 27 Inf 54 15 57 73 85 Inf Inf 27 35 Inf 53 80
11 16 22 18 15 6 12 5 15 7 12 22 10 14 16 12 4
26 Inf Inf 50 5 Inf 24 51 48 35 45 Inf 26 50 11 46 10
44 74 40 63 Inf 67 46 56 62 36 45 51 23 45 86 17 22
121 17 52 161 167 157 Inf 226 97 15 76 98 168 52 65 Inf 107
38 18 72 12 20 72 22 2 34 76 45 49 49 62 32 75 49
68 Inf Inf 128 14 56 112 97 95 24 Inf 87 10 15 58 56 119
22 44 39 30 33 19 Inf 23 27 15 3 31 26 10 4 29 25
7 1 Inf 1 2 Inf 13 Inf 11 2 13 8 3 9 14 13 Inf
16 22 14 22 31 9 1 15 8 11 9 6 6 32 21 24 4
32 Inf 38 3 47 8 Inf 7 3 Inf Inf 60 38 2 10 37 30
25 18 13 8 14 Inf 16 13 14 43 50 33 5 Inf 30 11 13
27 15 9 Inf 15 7 49 20 40 41 30 7 48 27 43 44 45
156 284 84 244 96 139 112 202 157 153 184 18 48 131 105 112 42
28 37 Inf 14 47 12 47 3 56 32 Inf 21 10 45 34 26 42
15 4 5 18 22 2 13 27 6 4 11 14 11 10 28 28 20
26 6 Inf Inf Inf 34 12 49 Inf 23 21 30 Inf 39 21 14 12
18 6 Inf 9 28 22 30 8 12 13 25 9 27 33 26 26 25
72 125 138 40 11 73 97 92 5 118 99 137 99 62 62 19 28
23 22 10 33 20 38 28 38 30 2 15 36 36 15 24 20 10
27 54 45 31 5 43 15 19 11 5 12 48 32 49 Inf Inf Inf
1 2
1 41
1 69
1 70
2 3
3 4
3 68
4 6
4 7
5 6
5 24
5 30
6 8
7 8
8 12
9 10
10 11
11 12
12 13
12 14
13 23
14 23
15 16
16 17
16 18
17 19
18 19
19 20
19 22
19 57
20 21
21 23
22 23
23 25
23 31
23 33
24 25
25 26
25 27
25 28
25 29
26 35
27 35
28 35
29 35
30 31
31 32
32 35
33 34
34 35
35 36
35 44
35 48
35 51
35 53
35 56
35 60
35 61
35 62
36 37
37 38
38 39
39 40
40 42
41 42
42 43
43 50
44 45
45 46
46 47
47 50
48 49
49 50
51 52
52 54
53 54
54 55
57 58
58 59
59 60
61 65
62 63
63 64
64 65
64 66
64 67
