70
17 10 22 34 25 Inf 3 17 16 28 22 9 2 24 15 Inf 28
66 Inf 30 18 Inf 73 61 125 89 Inf 24 17 106 Inf 116 68 40
54 4 43 88 63 52 61 68 20 84 66 102 82 76 86 90 78
52 11 51 56 55 83 83 69 100 13 15 6 Inf 50 11 69 Inf
6 6 1 10 4 5 2 7 2 4 12 10 7 11 9 1 Inf
88 20 86 94 46 106 29 109 166 131 2 158 66 85 158 72 70
21 23 26 Inf 24 Inf 10 31 12 11 4 5 19 Inf Inf 20 29
128 Inf 74 176 74 58 239 128 28 50 Inf 139 38 10 215 79 Inf
68 87 53 91 88 8 107 113 50 109 135 44 29 110 76 64 39
70 134 7 66 Inf 105 140 101 Inf 31 8 34 113 Inf 22 62 96
85 Inf 153 34 39 99 51 149 113 36 63 Inf 164 124 58 165 143
21 Inf 35 20 34 38 8 10 6 20 30 26 37 16 Inf Inf 41
134 Inf 128 75 235 234 32 240 252 37 90 33 Inf 244 156 Inf 43
135 189 207 106 237 70 Inf 244 170 110 91 243 63 15 161 266 59
94 69 19 40 48 18 47 3 29 183 87 38 81 137 93 29 185
90 Inf 121 22 32 57 38 171 12 24 94 128 27 10 96 5 179
50 Inf 37 66 40 7 32 57 35 80 57 91 94 77 76 39 40
143 69 Inf 163 234 193 Inf 69 167 186 128 165 224 62 129 33 Inf
19 3 21 14 9 37 2 9 19 28 37 12 11 10 16 36 34
54 80 95 14 60 6 27 108 75 38 74 Inf 13 34 72 Inf 46
50 29 92 23 34 74 78 Inf 64 67 Inf 12 49 20 31 59 Inf
40 61 Inf 58 19 65 57 8 Inf 55 56 23 47 59 54 15 79
73 85 74 46 15 125 Inf 84 27 134 65 18 46 122 6 15 40
12 5 1 12 Inf Inf 24 18 5 1 2 24 11 24 12 2 11
152 Inf 51 83 Inf 40 304 84 Inf 199 288 8 Inf 139 55 86 230
42 14 39 49 84 77 63 69 Inf 11 80 61 28 37 78 71 Inf
45 8 80 11 16 16 51 Inf 24 41 22 57 24 27 5 28 61
74 124 142 130 59 91 87 80 99 11 140 126 109 87 Inf Inf 21
26 13 51 13 52 Inf Inf 25 28 12 52 19 9 34 3 14 7
11 Inf Inf 19 5 18 15 17 6 Inf 6 Inf Inf 19 10 20 6
31 48 27 13 26 Inf 46 61 14 15 58 18 60 11 Inf 56 53
50 40 74 33 39 52 Inf 75 Inf 94 67 92 38 Inf 32 34 97
102 25 79 80 54 2 Inf 56 Inf 199 89 Inf 56 151 Inf Inf 136
46 29 Inf 49 28 6 13 Inf Inf 63 14 91 2 47 Inf 20 56
35 37 19 59 66 Inf 19 53 39 Inf 57 5 58 1 47 68 21
40 41 53 45 14 13 42 35 76 41 65 35 62 6 75 62 58
2 2 4 1 3 1 1 2 1 2 1 2 2 3 2 4 1
1 1 1 1 1 1 1 2 1 1 1 2 2 1 1 2 1
3 4 3 Inf 2 Inf 1 1 2 4 Inf 6 6 Inf 4 6 2
13 9 16 8 5 Inf 26 14 1 26 18 4 2 Inf 9 4 4
16 25 11 Inf 19 4 24 14 6 11 6 29 Inf 30 16 Inf 32
25 14 3 15 31 36 4 3 26 37 10 26 37 15 9 5 Inf
21 40 36 4 Inf 24 9 17 10 5 11 21 11 42 2 9 Inf
43 7 74 Inf 19 25 77 73 10 Inf 12 86 7 8 13 2 64
30 54 3 6 53 7 54 47 48 2 6 56 18 7 40 40 20
83 150 Inf 13 62 31 29 40 65 13 113 Inf 44 85 153 15 103
89 74 Inf 72 81 Inf 139 175 100 66 79 100 114 38 23 150 48
56 70 3 20 1 13 50 81 Inf 86 106 55 60 38 10 63 63
59 110 Inf 111 7 7 Inf 39 15 Inf 26 64 42 Inf 100 103 41
43 Inf 4 62 44 Inf 77 15 45 29 73 30 68 36 Inf 70 17
11 15 14 16 Inf 4 6 11 14 Inf 4 Inf Inf 13 13 15 22
26 8 8 42 20 7 17 42 Inf 9 13 31 29 40 48 5 5
44 Inf 45 11 47 70 62 87 32 41 Inf 64 18 27 63 48 31
121 56 109 157 176 Inf 43 50 163 168 7 110 103 130 203 15 208
38 26 37 14 Inf 65 Inf 57 47 28 17 12 Inf 7 24 Inf 64
68 111 7 49 Inf Inf 100 22 112 82 8 40 131 27 103 134 11
22 9 7 36 39 38 11 Inf 37 Inf 31 41 19 30 22 1 25
7 Inf 12 2 13 2 Inf 14 5 5 8 9 Inf Inf 13 3 Inf
16 19 25 3 3 32 8 21 10 6 5 4 7 Inf 10 5 9
32 35 52 54 17 29 42 11 28 18 64 22 13 10 8 20 4
25 11 48 29 38 3 5 12 2 Inf 34 6 35 15 7 46 38
27 54 25 35 4 34 39 17 15 9 35 7 17 19 5 48 15
156 181 117 31 258 211 34 Inf 232 33 177 Inf 56 178 239 166 17
28 29 15 39 2 22 41 10 20 5 Inf 24 36 27 21 39 2
15 26 7 17 10 20 28 9 14 27 28 2 5 21 18 Inf 21
26 28 50 8 52 4 Inf Inf 14 18 Inf 49 5 35 41 47 14
18 19 32 10 7 33 8 17 6 2 Inf Inf 23 32 14 10 36
72 90 3 24 Inf 95 Inf 37 10 67 Inf 41 24 57 Inf 73 35
23 35 11 3 32 10 43 27 7 9 36 33 31 19 25 31 8
27 42 34 36 13 14 21 7 Inf 42 37 14 42 5 13 9 9
1 2
1 41
1 69
1 70
2 3
3 4
3 68
4 6
4 7
5 6
5 24
5 30
6 8
7 8
8 12
9 10
10 11
11 12
12 13
12 14
13 23
14 23
15 16
16 17
16 18
17 19
18 19
19 20
19 22
19 57
20 21
21 23
22 23
23 25
23 31
23 33
24 25
25 26
25 27
25 28
25 29
26 35
27 35
28 35
29 35
30 31
31 32
32 35
33 34
34 35
35 36
35 44
35 48
35 51
35 53
35 56
35 60
35 61
35 62
36 37
37 38
38 39
39 40
40 42
41 42
42 43
43 50
44 45
45 46
46 47
47 50
48 49
49 50
51 52
52 54
53 54
54 55
57 58
58 59
59 60
61 65
62 63
63 64
64 65
64 66
64 67
