70
17 1 1 1 19 26 17 3 20 6 22 21 8 Inf 3 15 18
66 42 108 97 52 71 63 44 45 Inf 122 Inf 23 99 12 Inf 132
54 Inf 39 4 1 85 60 26 32 68 84 90 95 27 20 22 97
52 22 4 63 50 16 98 Inf 48 95 21 35 Inf 102 11 48 72
6 7 3 5 1 Inf 5 6 9 5 3 3 7 7 11 Inf Inf
88 Inf 141 68 45 17 Inf 38 166 105 138 101 138 140 27 54 140
21 19 30 29 28 16 11 37 11 17 12 16 28 9 21 Inf Inf
128 43 135 70 216 40 193 61 237 Inf 38 43 38 85 230 186 169
68 Inf 135 Inf 111 125 Inf 108 28 22 3 Inf 81 34 Inf 132 52
70 12 2 117 63 46 14 74 Inf 97 19 63 19 49 28 Inf 17
85 149 2 47 Inf 15 4 98 37 108 94 Inf 74 113 67 Inf 127
21 28 29 5 8 41 34 33 10 29 16 9 27 41 1 32 23
134 214 120 60 70 88 Inf 166 187 Inf 116 31 238 180 223 217 256
135 64 7 22 223 14 22 Inf 251 70 3 216 245 257 48 1 202
94 135 33 98 46 33 94 132 182 2 93 131 6 Inf 110 3 21
90 8 141 16 36 170 128 178 28 115 39 83 101 Inf Inf 166 19
50 61 Inf 46 24 52 86 78 72 94 3 91 86 Inf 69 50 Inf
143 Inf 126 35 226 24 58 96 244 133 79 23 195 40 9 Inf 126
19 Inf 9 16 Inf 7 25 34 10 9 Inf Inf 6 3 21 31 21
54 82 48 103 78 10 80 58 19 Inf 103 68 Inf 55 86 91 13
50 86 39 71 15 3 Inf 17 30 2 10 30 90 63 Inf 41 40
40 77 45 32 38 55 11 44 50 62 42 23 69 59 22 61 78
73 89 1 102 46 91 99 138 22 137 46 38 132 19 102 54 83
12 17 6 17 4 5 20 12 2 Inf 5 18 9 5 10 22 Inf
152 57 13 126 124 38 84 185 69 246 Inf 172 266 72 128 Inf 244
42 Inf 83 77 24 Inf 8 Inf 24 67 65 10 71 83 84 79 70
45 67 76 7 17 31 25 Inf 77 26 8 60 15 49 22 3 18
74 11 31 Inf 98 18 97 35 Inf 94 33 66 107 133 11 125 44
26 3 Inf 7 Inf 10 50 1 37 11 Inf 46 10 14 11 Inf 49
11 16 Inf 9 2 7 1 3 14 22 14 14 11 10 17 Inf 2
31 61 20 16 28 55 Inf 56 8 30 20 41 20 9 9 Inf 41
50 76 22 Inf 34 82 44 10 8 31 65 81 34 29 38 Inf 72
102 12 61 4 185 182 27 32 13 Inf 20 103 52 139 78 142 111
46 25 Inf 74 Inf 36 Inf 15 8 Inf 36 40 20 18 13 Inf 79
35 68 33 37 Inf 53 18 18 Inf Inf 3 29 56 13 24 10 69
40 17 24 14 48 30 11 36 15 2 5 20 47 59 78 29 31
2 4 1 1 3 2 Inf 2 Inf 4 2 1 4 Inf 4 Inf 2
1 2 1 2 2 2 1 2 1 2 2 2 1 Inf 1 1 2
3 1 1 3 2 2 Inf 2 1 3 1 3 3 Inf 5 4 6
13 2 8 4 8 9 18 17 7 24 13 2 23 7 14 2 2
16 Inf 8 10 11 28 18 15 26 2 12 28 10 Inf 14 9 2
25 13 9 Inf Inf 20 37 32 14 46 27 44 48 5 3 40 21
21 30 41 29 3 19 29 2 27 17 35 1 27 26 Inf 11 3
43 64 49 39 11 23 65 65 63 19 67 55 6 77 22 60 22
30 Inf 43 26 15 10 27 20 44 Inf 60 2 7 4 12 25 11
83 52 16 39 148 Inf Inf 82 89 154 46 35 34 23 121 Inf 24
89 46 117 45 7 154 31 162 158 54 Inf Inf 94 10 36 150 Inf
56 22 73 54 Inf 45 64 49 15 88 29 33 61 106 45 5 111
59 79 Inf 19 65 17 72 Inf 6 72 Inf 112 105 Inf 21 86 104
43 38 1 42 38 1 32 70 2 15 23 5 29 7 75 33 70
11 6 9 2 14 12 21 4 7 15 12 2 Inf 3 18 10 Inf
26 15 32 52 44 30 Inf 40 41 29 13 25 24 Inf 19 38 26
44 34 63 43 34 Inf 25 48 47 86 Inf Inf 31 86 75 Inf 7
121 17 53 136 73 13 143 57 53 200 65 100 Inf 6 104 25 149
38 69 11 Inf 51 Inf 66 Inf 66 4 48 3 17 66 55 Inf 43
68 66 Inf 131 Inf 39 1 Inf 123 29 78 20 29 59 Inf 117 110
22 2 7 19 7 Inf 18 3 30 40 35 4 27 20 8 18 17
7 2 5 11 13 12 7 Inf 9 1 6 4 14 4 9 12 9
16 26 27 3 27 20 8 7 27 23 7 6 18 Inf 21 17 20
32 44 1 8 Inf 26 50 4 16 9 3 Inf 60 15 36 3 Inf
25 5 20 21 35 7 34 7 25 Inf 46 29 40 46 43 Inf 36
27 42 Inf 11 2 4 47 14 15 44 27 5 2 Inf 23 7 17
156 32 147 74 2 269 3 137 305 243 172 299 117 19 66 Inf 17
28 4 5 Inf 24 9 47 42 33 44 43 52 27 48 25 22 37
15 27 1 13 14 30 9 25 8 16 27 21 1 20 2 5 12
26 48 35 24 22 20 42 16 50 11 33 7 40 5 26 Inf 38
18 11 24 3 11 2 4 28 12 7 9 23 4 21 35 Inf 10
72 38 Inf 99 61 53 Inf 73 100 7 6 144 73 124 30 35 64
23 41 29 10 Inf 43 9 Inf Inf 27 33 20 Inf Inf 23 3 30
27 40 7 54 Inf 31 51 32 47 39 31 7 14 6 41 25 5
1 2
1 41
1 69
1 70
2 3
3 4
3 68
4 6
4 7
5 6
5 24
5 30
6 8
7 8
8 12
9 10
10 11
11 12
12 13
12 14
13 23
14 23
15 16
16 17
16 18
17 19
18 19
19 20
19 22
19 57
20 21
21 23
22 23
23 25
23 31
23 33
24 25
25 26
25 27
25 28
25 29
26 35
27 35
28 35
29 35
30 31
31 32
32 35
33 34
34 35
35 36
35 44
35 48
35 51
35 53
35 56
35 60
35 61
35 62
36 37
37 38
38 39
39 40
40 42
41 42
42 43
43 50
44 45
45 46
46 47
47 50
48 49
49 50
51 52
52 54
53 54
54 55
57 58
58 59
59 60
61 65
62 63
63 64
64 65
64 66
64 67
