70
17 Inf 33 26 13 24 7 34 14 12 31 32 20 33 19 29 14
66 132 83 73 98 41 50 56 44 51 Inf 99 Inf 68 10 126 Inf
54 27 24 82 32 1 10 105 39 7 29 56 5 72 Inf 30 57
52 41 Inf Inf 68 63 81 Inf 34 73 46 80 100 86 49 49 74
6 9 9 11 10 5 3 9 11 12 6 Inf 3 6 11 2 7
88 29 175 5 135 139 135 74 174 72 Inf Inf 10 Inf 77 158 59
21 38 Inf 3 40 10 38 7 42 20 26 10 3 12 17 8 22
128 22 203 66 5 151 181 100 142 Inf 8 206 182 196 144 62 139
68 32 67 104 49 119 62 7 55 47 Inf 79 19 Inf 1 28 Inf
70 56 71 17 12 49 70 40 23 82 59 134 14 39 Inf 59 136
85 167 60 47 51 75 25 18 59 Inf Inf 170 162 Inf 130 67 61
21 19 Inf 31 19 3 40 14 26 38 20 10 9 20 31 6 38
134 145 161 139 18 126 213 170 239 142 148 170 203 87 214 30 25
135 41 8 72 175 217 141 104 48 220 174 34 45 128 223 163 64
94 133 93 182 10 27 41 91 136 58 38 104 154 163 Inf 51 162
90 29 Inf 108 86 52 Inf 173 172 32 142 2 Inf 138 28 145 48
50 7 64 83 83 26 21 Inf 89 Inf 61 47 Inf 51 22 96 75
143 170 171 135 11 39 Inf 102 69 284 234 Inf 189 214 58 26 258
19 27 28 22 2 7 2 14 13 4 4 Inf 14 8 30 24 19
54 67 Inf Inf 11 8 21 39 11 39 63 68 36 20 90 3 Inf
50 72 90 42 3 Inf 38 85 14 60 72 8 33 52 23 10 19
40 51 64 Inf 75 36 78 45 Inf 24 79 18 57 73 34 19 37
73 96 89 15 102 112 24 15 36 100 118 40 19 Inf 88 14 44
12 7 10 4 Inf 24 3 4 9 Inf 4 Inf 13 24 10 18 21
152 116 216 84 26 51 153 142 130 170 138 57 Inf 186 10 49 280
42 38 18 17 17 23 Inf 66 12 16 83 11 15 43 14 11 80
45 21 43 23 12 69 85 6 59 46 61 55 10 Inf 26 3 71
74 39 48 147 33 75 Inf 28 143 145 11 5 33 38 18 104 47
26 28 49 22 Inf 34 29 26 13 23 7 27 42 32 Inf 13 Inf
11 21 4 10 5 19 22 22 6 7 20 13 Inf 2 15 3 20
31 20 Inf 3 47 27 21 37 38 12 18 27 37 41 5 49 27
50 81 21 96 26 50 Inf 34 94 21 69 82 4 100 63 60 88
102 9 177 51 59 39 41 201 71 138 15 12 24 12 157 194 Inf
46 Inf 19 17 15 5 38 15 18 71 23 26 46 14 26 76 Inf
35 46 45 63 29 59 60 5 62 33 16 Inf 38 Inf Inf 32 Inf
40 Inf 30 Inf Inf 18 20 33 41 5 67 69 73 1 14 62 Inf
2 4 4 1 Inf 3 Inf Inf 3 1 1 4 1 2 4 1 Inf
1 2 2 Inf 1 1 1 1 1 2 2 1 Inf 1 2 1 1
3 6 1 1 4 6 6 4 2 5 4 3 5 5 Inf 4 Inf
13 Inf 11 23 2 6 8 9 19 11 8 23 Inf 4 18 Inf Inf
16 3 Inf 11 Inf 7 29 22 17 5 2 16 14 14 10 21 17
25 12 46 50 39 4 24 Inf 13 16 23 Inf 12 13 Inf 39 30
21 4 16 4 Inf 29 28 29 37 24 2 3 Inf 20 8 21 17
43 Inf 26 Inf 67 22 21 76 28 16 15 Inf 23 75 Inf 70 Inf
30 59 55 1 2 1 50 20 6 Inf 17 34 39 27 16 20 22
83 105 120 130 74 90 1 113 Inf 123 32 57 74 61 159 123 57
89 49 177 154 157 137 21 99 155 135 143 59 8 53 98 Inf 162
56 107 108 57 30 104 5 80 Inf Inf Inf 90 32 58 20 14 104
59 47 111 Inf 59 6 19 18 92 117 Inf 32 36 40 22 12 14
43 5 15 19 8 42 7 Inf 55 61 17 18 59 37 1 51 Inf
11 Inf 22 Inf 9 11 5 12 22 10 16 Inf 19 11 11 1 10
26 5 36 25 35 25 49 48 14 27 12 9 46 45 2 8 Inf
44 71 Inf Inf 26 12 33 86 4 21 16 30 44 32 49 42 85
121 50 29 6 133 65 52 108 79 161 189 117 15 233 52 167 209
38 56 20 37 Inf 48 48 16 73 56 56 75 38 Inf 35 13 34
68 1 109 60 108 1 41 15 118 116 136 30 26 65 92 31 16
22 36 2 17 11 35 39 31 9 4 2 35 Inf 16 2 28 31
7 3 13 3 4 9 2 Inf 3 8 12 Inf Inf 8 Inf 2 13
16 27 12 25 9 16 28 14 Inf 19 Inf 26 22 32 29 12 24
32 Inf Inf 8 24 49 24 8 25 4 2 26 40 56 49 12 13
25 45 15 40 39 Inf 45 Inf 24 22 35 2 31 42 Inf 7 18
27 52 26 39 16 46 34 5 17 10 31 53 4 35 26 28 51
156 Inf Inf 312 51 277 86 29 158 59 Inf 222 146 25 9 301 9
28 18 28 30 13 32 5 6 9 Inf 17 55 1 34 45 21 Inf
15 29 26 24 1 Inf 11 7 28 Inf 7 3 2 11 23 4 5
26 10 Inf 3 44 1 41 1 44 5 Inf 33 49 45 21 50 40
18 Inf 29 16 25 13 5 1 23 Inf Inf 16 Inf 10 Inf 3 5
72 9 139 15 7 100 100 88 16 101 64 18 114 29 Inf 100 7
23 40 2 4 Inf 9 11 45 46 10 7 31 26 20 27 Inf 5
27 41 35 10 54 9 29 11 46 Inf 48 23 Inf 54 1 43 9
1 2
1 41
1 69
1 70
2 3
3 4
3 68
4 6
4 7
5 6
5 24
5 30
6 8
7 8
8 12
9 10
10 11
11 12
12 13
12 14
13 23
14 23
15 16
16 17
16 18
17 19
18 19
19 20
19 22
19 57
20 21
21 23
22 23
23 25
23 31
23 33
24 25
25 26
25 27
25 28
25 29
26 35
27 35
28 35
29 35
30 31
31 32
32 35
33 34
34 35
35 36
35 44
35 48
35 51
35 53
35 56
35 60
35 61
35 62
36 37
37 38
38 39
39 40
40 42
41 42
42 43
43 50
44 45
45 46
46 47
47 50
48 49
49 50
51 52
52 54
53 54
54 55
57 58
58 59
59 60
61 65
62 63
63 64
64 65
64 66
64 67
