70
17 12 10 19 19 24 13 28 14 10 26 23 19 Inf 29 11 27
66 Inf 81 14 Inf 88 111 37 38 31 3 15 10 64 14 128 47
54 12 15 73 43 12 22 57 23 44 Inf 84 87 67 34 95 3
52 Inf 59 10 17 Inf 84 45 87 27 34 Inf 96 33 9 42 Inf
6 9 2 1 4 11 Inf 11 5 11 7 2 1 3 9 1 3
88 Inf 53 174 Inf Inf 38 Inf 80 Inf 63 Inf 48 174 98 145 17
21 13 Inf 12 4 25 31 22 27 23 17 17 40 32 Inf 38 5
128 46 174 65 127 199 139 164 144 153 80 168 75 159 188 35 24
68 87 Inf 24 Inf 10 Inf 28 34 43 98 16 41 Inf Inf 48 107
70 62 7 Inf Inf 60 44 31 16 Inf 4 8 33 138 28 48 43
85 150 55 108 Inf 26 44 167 170 136 103 168 135 Inf Inf Inf 113
21 5 13 39 5 Inf 42 26 34 27 7 5 12 8 20 15 9
134 146 268 184 238 198 166 66 224 225 91 19 30 90 75 232 247
135 Inf 124 101 151 5 23 135 81 252 19 121 174 75 145 42 130
94 9 4 Inf 13 66 48 60 152 65 7 100 12 73 67 174 175
90 150 128 151 25 55 143 131 6 174 128 54 177 Inf 168 22 115
50 35 63 2 74 17 88 Inf Inf 89 Inf Inf 63 17 Inf 67 14
143 48 32 171 96 50 264 25 145 234 101 239 24 119 67 21 111
19 16 Inf 10 35 28 Inf 6 22 4 11 2 Inf 10 Inf 35 36
54 55 58 45 29 106 100 66 Inf 85 81 82 91 68 12 40 100
50 21 70 44 56 18 99 37 63 7 23 2 Inf 33 35 13 49
40 72 26 11 11 13 5 28 19 34 Inf 18 19 17 78 1 42
73 Inf 107 Inf 137 11 15 83 84 Inf 136 136 12 32 28 15 26
12 1 9 23 2 15 8 15 4 7 10 5 17 8 Inf 22 3
152 14 154 201 223 93 138 Inf 27 176 37 Inf 30 100 249 93 54
42 6 33 59 68 65 60 53 Inf 77 35 28 18 79 81 Inf 78
45 67 58 35 23 61 Inf 83 5 77 Inf Inf 9 Inf 82 10 13
74 21 24 22 31 2 140 80 37 49 105 15 141 140 27 9 95
26 2 20 22 22 5 35 42 17 31 42 20 3 38 27 7 28
11 Inf 4 13 Inf 7 13 13 19 21 19 19 4 Inf 4 6 2
31 4 Inf 27 17 5 26 35 49 43 8 12 Inf 17 29 2 10
50 19 87 47 Inf 72 1 32 44 13 Inf 42 74 82 Inf 23 33
102 68 178 87 148 14 25 185 112 Inf 1 31 8 70 19 139 156
46 16 Inf 19 11 50 76 25 25 57 24 10 20 52 74 25 Inf
35 1 16 6 59 24 Inf 41 36 29 59 69 41 70 57 14 Inf
40 28 62 35 43 45 15 2 16 68 27 14 16 37 57 1 75
2 4 2 3 4 1 1 3 Inf 1 3 Inf 3 2 1 Inf 4
1 2 2 Inf 1 1 2 1 2 1 1 Inf Inf 2 Inf 1 Inf
3 5 5 4 4 5 2 6 1 5 3 4 2 6 4 6 1
13 2 5 7 7 21 11 26 8 18 15 21 19 Inf Inf 14 6
16 17 11 6 1 Inf 16 23 19 32 31 30 10 17 5 27 16
25 46 2 7 Inf 3 15 2 Inf Inf 38 25 20 9 40 Inf Inf
21 Inf 34 Inf 11 25 10 1 34 27 Inf 4 29 42 3 3 6
43 22 Inf Inf 11 19 Inf 30 40 17 Inf 50 37 27 Inf 8 34
30 Inf 11 22 34 41 Inf Inf 23 39 18 11 8 Inf 12 9 Inf
83 22 22 25 14 162 110 20 123 109 116 152 57 69 54 86 3
89 31 12 Inf 117 159 131 28 160 37 150 16 2 58 160 33 14
56 90 95 68 111 45 18 77 58 102 25 25 85 68 34 11 88
59 88 86 28 60 79 12 17 60 Inf 64 84 59 1 113 41 78
43 27 5 31 43 42 22 8 25 30 17 56 16 31 69 71 58
11 20 Inf 4 9 6 6 3 12 3 11 15 Inf 2 1 1 2
26 47 38 46 14 31 44 Inf 11 51 Inf Inf 14 5 18 32 32
44 11 67 70 1 48 58 15 17 34 62 45 51 18 80 5 Inf
121 151 95 179 58 165 175 80 51 85 26 58 11 68 45 110 32
38 65 20 Inf 69 48 15 16 76 54 64 36 52 19 53 67 70
68 99 26 57 Inf 118 Inf 71 2 4 11 36 122 Inf 119 37 122
22 Inf 18 33 21 18 39 36 Inf 36 17 26 22 6 32 17 7
7 4 3 11 11 2 1 7 4 12 11 2 5 14 10 1 3
16 31 26 25 10 13 2 27 17 5 7 9 26 29 27 29 20
32 11 52 14 37 33 28 48 29 Inf 55 7 17 8 39 28 10
25 14 34 41 1 26 36 9 14 16 7 32 18 38 3 32 24
27 5 17 36 5 3 7 31 54 23 23 4 Inf 41 40 23 46
156 38 124 171 77 170 150 114 52 61 238 20 55 90 33 212 124
28 39 20 15 8 Inf 30 6 46 18 11 15 1 41 42 11 9
15 26 6 30 Inf 12 3 18 28 3 18 12 9 6 14 7 17
26 16 3 Inf 24 15 12 15 6 16 37 1 1 5 27 24 33
18 3 15 20 3 32 17 5 5 7 9 Inf 28 10 Inf 12 12
72 131 138 3 Inf 7 89 Inf 48 93 Inf Inf 5 36 37 127 134
23 25 12 35 22 42 13 20 10 35 35 6 1 44 25 9 7
27 6 25 11 12 20 15 23 37 49 Inf Inf 50 Inf 15 54 2
1 2
1 41
1 69
1 70
2 3
3 4
3 68
4 6
4 7
5 6
5 24
5 30
6 8
7 8
8 12
9 10
10 11
11 12
12 13
12 14
13 23
14 23
15 16
16 17
16 18
17 19
18 19
19 20
19 22
19 57
20 21
21 23
22 23
23 25
23 31
23 33
24 25
25 26
25 27
25 28
25 29
26 35
27 35
28 35
29 35
30 31
31 32
32 35
33 34
34 35
35 36
35 44
35 48
35 51
35 53
35 56
35 60
35 61
35 62
36 37
37 38
38 39
39 40
40 42
41 42
42 43
43 50
44 45
45 46
46 47
47 50
48 49
49 50
51 52
52 54
53 54
54 55
57 58
58 59
59 60
61 65
62 63
63 64
64 65
64 66
64 67
