70
17 9 12 7 15 7 14 7 1 2
66 19 7 61 9 46 45 29 Inf 36
54 50 10 34 41 10 49 32 36 Inf
52 29 20 13 Inf 1 34 10 43 9
6 1 2 2 2 1 6 1 5 1
88 64 71 12 22 56 42 61 66 76
21 2 13 15 4 1 14 9 18 18
128 51 13 8 3 40 109 Inf 79 123
68 16 31 54 8 13 26 Inf 29 14
70 5 52 11 44 11 26 48 67 38
85 70 52 13 Inf 59 20 Inf 78 Inf
21 Inf 16 13 21 9 15 12 10 15
134 82 53 Inf 96 92 130 62 107 14
135 108 82 Inf Inf 97 Inf 103 79 Inf
94 94 44 50 57 Inf 26 15 46 63
90 Inf 9 17 77 Inf 51 88 59 45
50 10 29 43 34 22 Inf 11 17 36
143 52 102 123 9 90 80 97 118 143
19 19 11 17 2 12 7 14 4 12
54 28 3 9 Inf 9 34 26 12 3
50 9 31 7 17 22 38 29 50 8
40 10 2 4 10 9 5 2 10 37
73 66 32 Inf 53 19 18 5 Inf Inf
12 6 1 6 6 7 10 4 Inf Inf
152 112 10 28 73 Inf 29 147 45 Inf
42 Inf 23 17 Inf 13 20 2 12 6
45 43 42 40 2 30 38 35 3 45
74 56 34 64 73 28 51 3 21 30
26 12 2 8 6 10 22 14 3 Inf
11 Inf 7 6 10 11 3 3 6 11
31 6 Inf 5 26 Inf 4 3 13 9
50 Inf 22 Inf 11 39 2 14 13 10
102 13 99 41 66 Inf 86 12 6 2
46 42 34 32 28 Inf Inf 7 Inf 30
35 18 4 27 14 17 7 3 33 24
40 29 19 12 3 6 32 27 29 9
2 1 2 1 2 Inf 2 1 2 1
1 1 1 1 1 1 1 1 1 1
3 2 3 3 1 1 Inf 1 1 1
13 3 11 13 Inf 11 7 13 12 1
16 15 3 15 13 5 12 10 Inf 12
25 12 17 10 8 Inf 17 15 19 24
21 10 9 6 12 21 1 Inf 13 8
43 Inf 2 22 11 Inf 10 11 34 39
30 26 27 Inf 29 23 17 30 29 30
83 7 Inf 15 Inf 20 68 44 20 35
89 Inf 19 20 53 30 54 57 25 17
56 9 34 18 54 40 11 9 3 1
59 53 8 14 3 53 40 27 30 33
43 Inf 25 Inf 3 Inf 6 19 33 27
11 6 1 8 7 Inf 8 11 5 Inf
26 10 Inf 7 2 3 22 26 Inf 11
44 11 1 17 Inf 6 36 4 21 40
121 39 59 101 45 86 43 8 39 37
38 22 28 7 3 3 7 14 Inf 24
68 6 Inf 10 11 59 Inf Inf 61 55
22 6 10 1 21 Inf 16 19 2 7
7 5 1 2 6 5 1 3 2 3
16 7 15 3 11 8 9 9 16 2
32 6 30 12 4 16 10 5 16 2
25 17 1 11 25 16 14 7 17 3
27 17 3 Inf 22 17 26 7 1 Inf
156 1 4 104 Inf Inf 89 58 Inf 92
28 4 11 10 14 Inf 13 Inf Inf 8
15 1 Inf 15 7 15 6 7 9 1
26 21 12 7 20 24 10 16 26 Inf
18 3 13 16 10 3 Inf Inf 4 2
72 4 17 3 67 35 64 2 58 31
23 Inf 19 9 7 22 20 20 15 18
27 19 26 18 25 25 Inf 6 8 3
1 2
1 41
1 69
1 70
2 3
3 4
3 68
4 6
4 7
5 6
5 24
5 30
6 8
7 8
8 12
9 10
10 11
11 12
12 13
12 14
13 23
14 23
15 16
16 17
16 18
17 19
18 19
19 20
19 22
19 57
20 21
21 23
22 23
23 25
23 31
23 33
24 25
25 26
25 27
25 28
25 29
26 35
27 35
28 35
29 35
30 31
31 32
32 35
33 34
34 35
35 36
35 44
35 48
35 51
35 53
35 56
35 60
35 61
35 62
36 37
37 38
38 39
39 40
40 42
41 42
42 43
43 50
44 45
45 46
46 47
47 50
48 49
49 50
51 52
52 54
53 54
54 55
57 58
58 59
59 60
61 65
62 63
63 64
64 65
64 66
64 67
