70
17 5 3 1 1 9 32 18 26 10 Inf 17 4 3 16 7 5
66 38 124 62 36 75 47 Inf 7 50 89 102 129 88 105 21 56
54 21 Inf 36 37 58 70 84 95 4 23 107 8 64 33 Inf 79
52 9 68 Inf 26 11 99 93 97 16 100 43 80 10 42 67 9
6 1 5 8 5 8 Inf 7 3 12 7 10 12 7 6 11 1
88 78 Inf 59 146 107 170 129 32 172 80 25 77 141 104 17 Inf
21 32 Inf 20 16 25 30 11 7 24 24 13 7 16 40 37 4
128 252 179 135 57 200 54 125 154 241 138 147 Inf 141 101 128 Inf
68 62 64 130 104 4 51 28 42 13 45 77 11 22 87 33 56
70 16 135 125 76 138 19 43 7 10 19 Inf 114 27 44 109 40
85 Inf 46 Inf 73 142 19 41 61 89 22 123 69 20 146 125 Inf
21 7 7 42 42 39 12 6 32 19 23 39 10 2 Inf 8 29
134 140 209 44 108 Inf 71 261 20 164 22 48 58 217 195 44 Inf
135 Inf 51 156 263 Inf 217 150 233 28 129 Inf 140 Inf 54 29 173
94 102 101 105 Inf 25 156 152 132 15 90 3 177 119 53 134 176
90 60 67 40 174 62 146 63 109 153 96 80 144 13 175 144 84
50 15 86 100 67 77 44 78 1 68 42 65 93 45 94 46 11
143 137 166 35 232 255 56 31 113 202 176 43 193 204 Inf 258 18
19 5 28 9 25 Inf 31 23 37 16 36 Inf 24 Inf 17 33 26
54 44 97 73 29 34 Inf 36 51 5 91 16 73 84 48 75 77
50 7 2 19 13 43 84 Inf 59 48 38 98 Inf 16 21 76 99
40 65 Inf 64 73 Inf 79 26 55 49 69 Inf Inf 52 Inf Inf 4
73 111 63 90 10 128 38 56 129 62 9 129 18 46 146 84 37
12 7 Inf 8 19 22 10 21 14 6 19 11 17 3 8 12 22
152 190 172 136 229 101 128 116 266 54 25 180 217 67 66 44 251
42 Inf Inf 3 57 75 34 25 81 14 45 54 13 23 61 12 52
45 81 86 64 52 62 78 10 23 2 17 16 52 75 82 17 15
74 Inf 103 28 18 22 87 51 Inf 80 138 57 Inf 93 117 1 116
26 15 20 3 Inf Inf 21 47 18 22 16 41 17 Inf 11 13 20
11 18 16 13 5 7 3 8 6 2 21 21 16 19 Inf 1 1
31 45 38 14 19 43 36 53 52 40 56 30 7 18 Inf 4 Inf
50 16 88 98 48 9 7 Inf 51 19 Inf 92 27 42 56 15 15
102 188 151 Inf 182 8 95 65 11 Inf 185 201 116 74 17 33 29
46 79 89 60 91 Inf 32 Inf 30 2 84 Inf 50 43 7 72 25
35 Inf 19 12 7 30 24 68 Inf 15 55 6 60 65 60 39 37
40 19 14 56 77 1 4 62 15 64 32 63 6 59 46 Inf 39
2 3 Inf 2 1 4 3 2 Inf 1 1 Inf 3 1 3 3 1
1 1 Inf Inf Inf Inf 1 2 2 1 2 2 2 1 1 1 Inf
3 1 6 2 4 3 3 4 Inf Inf Inf 3 2 4 4 5 4
13 Inf Inf 21 19 19 5 5 16 14 23 19 3 4 20 3 Inf
16 20 31 1 31 16 29 6 19 6 Inf 14 26 6 4 13 30
25 25 31 7 4 Inf 45 17 4 8 32 27 37 7 Inf 50 8
21 5 11 9 34 10 16 9 7 12 2 32 3 2 25 13 26
43 85 79 19 10 43 62 18 8 73 Inf 57 16 37 7 16 59
30 3 Inf 13 29 58 10 21 14 52 38 6 21 Inf 10 8 Inf
83 119 32 Inf 156 17 18 66 4 26 44 53 Inf 94 166 Inf 8
89 137 135 5 120 22 44 54 Inf 29 Inf 93 11 107 9 94 110
56 2 28 3 4 16 36 76 46 72 19 Inf 85 97 86 Inf 91
59 104 33 39 113 27 34 100 73 48 80 57 36 66 76 100 26
43 73 21 Inf 45 36 31 31 72 Inf 24 74 26 16 14 69 52
11 4 18 4 22 10 6 Inf 22 3 12 17 18 18 6 12 1
26 14 26 10 9 48 11 12 41 44 9 32 12 15 25 12 51
44 5 5 35 68 5 46 30 22 24 18 4 75 30 Inf 38 49
121 190 152 80 56 67 212 141 104 156 242 215 34 65 57 99 70
38 4 48 9 42 16 Inf 35 56 50 2 11 15 32 58 52 44
68 26 132 119 8 Inf 46 127 36 117 50 43 20 27 62 123 91
22 1 5 30 3 20 23 39 20 28 4 34 16 3 36 31 20
7 14 10 1 3 4 5 2 3 3 Inf 2 12 Inf Inf 1 3
16 24 6 4 17 30 Inf 16 27 11 4 23 29 24 7 20 11
32 61 34 23 Inf 28 25 28 21 23 24 14 14 57 5 Inf 42
25 19 36 18 48 Inf 12 Inf 8 Inf 3 Inf 14 41 5 13 18
27 4 Inf 34 45 Inf 52 22 12 41 42 46 53 5 31 Inf Inf
156 Inf 218 125 93 Inf 36 43 134 201 116 42 74 275 250 31 158
28 11 12 21 20 54 32 46 2 28 Inf Inf 47 Inf 8 37 41
15 Inf 15 20 26 5 27 19 21 22 30 5 5 17 6 7 19
26 25 Inf 19 36 32 36 51 34 Inf 1 Inf 50 32 Inf 35 40
18 21 10 16 1 10 Inf 27 22 18 15 7 15 29 9 3 6
72 11 Inf 126 3 7 119 59 82 Inf 85 50 84 16 107 64 88
23 14 45 17 Inf 26 8 25 25 Inf 11 Inf 30 8 7 11 9
27 22 37 37 41 47 11 53 52 3 40 41 Inf 18 32 18 40
1 2
1 41
1 69
1 70
2 3
3 4
3 68
4 6
4 7
5 6
5 24
5 30
6 8
7 8
8 12
9 10
10 11
11 12
12 13
12 14
13 23
14 23
15 16
16 17
16 18
17 19
18 19
19 20
19 22
19 57
20 21
21 23
22 23
23 25
23 31
23 33
24 25
25 26
25 27
25 28
25 29
26 35
27 35
28 35
29 35
30 31
31 32
32 35
33 34
34 35
35 36
35 44
35 48
35 51
35 53
35 56
35 60
35 61
35 62
36 37
37 38
38 39
39 40
40 42
41 42
42 43
43 50
44 45
45 46
46 47
47 50
48 49
49 50
51 52
52 54
53 54
54 55
57 58
58 59
59 60
61 65
62 63
63 64
64 65
64 66
64 67
