70
17 5 4 12 Inf 4 Inf 21 6 27 27 8 19 15 23 17 2
66 38 18 20 87 93 41 85 30 Inf 112 96 117 31 34 127 Inf
54 88 36 80 94 97 86 42 100 Inf 1 57 85 51 Inf 51 17
52 98 33 88 Inf Inf 50 17 65 80 Inf 19 19 73 97 3 15
6 4 1 11 5 3 11 6 9 4 Inf 3 2 1 10 2 8
88 Inf 34 46 104 127 37 174 59 47 18 65 23 Inf Inf 76 39
21 28 7 9 2 22 Inf 37 38 Inf 18 21 32 32 24 35 31
128 176 237 9 205 20 60 Inf 244 33 93 249 45 77 188 22 214
68 62 88 130 30 104 27 8 74 94 100 51 36 33 Inf 65 1
70 49 41 118 30 103 75 10 36 24 56 23 4 Inf 56 100 Inf
85 20 14 93 131 80 138 128 98 45 76 Inf 133 5 Inf 76 Inf
21 35 19 26 Inf 3 35 30 5 Inf 40 8 36 40 2 21 19
134 38 49 72 Inf 19 47 56 105 112 6 94 74 136 162 245 93
135 265 200 121 27 Inf 255 145 207 182 83 105 235 Inf 138 45 94
94 76 19 94 Inf 105 36 120 8 119 74 42 104 49 118 130 Inf
90 44 136 52 81 74 138 79 112 44 120 51 Inf 31 10 Inf 82
50 96 26 55 12 66 31 28 49 91 Inf 43 32 Inf Inf 51 Inf
143 140 242 70 60 150 112 53 180 64 249 139 179 108 275 249 138
19 26 31 3 31 24 16 34 3 27 33 27 25 32 8 35 34
54 Inf Inf 86 72 106 107 10 24 38 12 Inf 24 27 50 89 69
50 35 19 79 45 33 25 90 16 32 33 7 52 Inf 66 64 76
40 5 38 63 10 75 Inf 53 27 80 54 37 Inf 21 12 16 14
73 123 78 97 12 88 64 88 16 97 17 144 108 105 127 Inf 15
12 16 6 3 4 Inf 22 12 10 16 8 9 12 7 12 5 18
152 68 252 217 59 189 Inf 127 183 88 72 74 Inf 26 49 276 196
42 48 79 19 20 18 Inf Inf 55 53 26 25 24 25 46 64 Inf
45 8 Inf 53 24 57 18 Inf 87 36 72 50 87 Inf Inf 67 84
74 Inf 3 148 114 Inf 148 30 34 147 19 115 Inf Inf 120 87 86
26 40 49 17 26 5 7 49 46 29 Inf 36 25 10 16 23 51
11 Inf 6 13 6 21 1 21 Inf 13 8 16 Inf Inf 19 15 1
31 35 55 Inf Inf 15 40 5 25 24 12 24 12 45 54 4 37
50 26 38 41 21 Inf 24 37 18 61 88 78 4 44 64 87 Inf
102 173 135 10 155 54 Inf 162 39 90 85 83 158 2 119 167 104
46 17 56 8 40 78 60 68 19 89 77 15 79 9 69 Inf 65
35 14 61 Inf 53 49 52 40 62 15 11 14 Inf 64 8 36 59
40 55 Inf 65 25 43 80 50 24 30 12 7 49 Inf 53 53 12
2 3 1 1 1 3 1 2 4 3 1 1 1 4 Inf 4 1
1 1 Inf 2 2 2 1 1 2 1 1 1 1 1 2 1 2
3 1 2 2 4 5 5 6 3 1 5 2 3 6 2 5 2
13 24 2 12 6 6 21 1 21 20 7 11 8 8 3 1 4
16 14 12 5 22 6 16 Inf 13 31 32 17 12 14 17 9 10
25 46 50 22 6 28 12 18 44 15 40 48 33 10 21 Inf 45
21 26 Inf 38 6 4 Inf 24 29 8 10 33 34 5 42 35 39
43 9 Inf 8 51 53 50 81 Inf 32 42 67 45 46 53 54 56
30 15 46 14 37 Inf 16 3 17 39 49 37 Inf 6 6 20 47
83 129 155 42 143 21 58 26 156 137 145 126 Inf 52 136 113 Inf
89 84 10 Inf 169 21 158 89 44 119 143 125 33 Inf 143 23 48
56 21 Inf 15 35 111 1 81 67 Inf 50 98 Inf 76 49 28 16
59 94 4 70 66 Inf 93 Inf 32 47 113 15 Inf 77 71 49 66
43 9 11 11 13 32 8 Inf 82 1 65 2 49 32 75 51 8
11 15 1 13 16 10 7 15 15 10 5 8 17 10 20 22 1
26 2 25 46 26 9 3 39 8 30 38 37 Inf 28 Inf 42 36
44 Inf 2 69 10 26 39 51 13 Inf 87 7 Inf 30 38 54 10
121 82 172 187 25 198 98 69 98 Inf 43 2 151 47 125 171 224
38 43 46 44 Inf 62 8 69 76 Inf 20 Inf 71 Inf 70 6 Inf
68 56 2 4 75 Inf 123 10 20 31 84 98 90 126 73 52 101
22 26 34 Inf 43 39 32 35 42 Inf 10 7 2 12 5 25 9
7 2 7 7 12 7 8 5 5 3 5 Inf 3 11 10 6 6
16 5 12 7 4 18 8 17 24 20 2 23 Inf 18 4 6 24
32 59 10 Inf 39 4 18 40 7 36 Inf 13 Inf 7 46 22 7
25 31 6 36 48 24 17 28 30 35 12 5 35 35 50 17 16
27 20 49 Inf 29 Inf 22 12 13 27 9 44 32 9 22 14 46
156 179 276 140 Inf 57 286 57 Inf 246 Inf 56 89 312 Inf 279 310
28 41 9 41 44 Inf 5 12 3 41 5 32 37 35 56 43 15
15 3 20 14 16 4 Inf 17 14 15 20 19 1 Inf 19 9 Inf
26 Inf 51 19 43 21 37 31 Inf 33 17 3 2 50 42 21 Inf
18 1 28 2 16 29 21 35 16 35 35 Inf 1 36 19 23 16
72 110 135 144 72 87 123 66 109 Inf 118 119 Inf 40 6 39 Inf
23 41 8 41 1 7 24 39 Inf 12 21 45 43 21 30 4 1
27 54 22 29 31 27 20 43 26 54 7 Inf 35 35 Inf 10 54
1 2
1 41
1 69
1 70
2 3
3 4
3 68
4 6
4 7
5 6
5 24
5 30
6 8
7 8
8 12
9 10
10 11
11 12
12 13
12 14
13 23
14 23
15 16
16 17
16 18
17 19
18 19
19 20
19 22
19 57
20 21
21 23
22 23
23 25
23 31
23 33
24 25
25 26
25 27
25 28
25 29
26 35
27 35
28 35
29 35
30 31
31 32
32 35
33 34
34 35
35 36
35 44
35 48
35 51
35 53
35 56
35 60
35 61
35 62
36 37
37 38
38 39
39 40
40 42
41 42
42 43
43 50
44 45
45 46
46 47
47 50
48 49
49 50
51 52
52 54
53 54
54 55
57 58
58 59
59 60
61 65
62 63
63 64
64 65
64 66
64 67
