70
17 4 2 1 8 13 23 8 23 18 15 15 29 Inf 22 16 3
66 24 102 15 116 Inf 91 60 58 5 129 129 37 83 Inf 31 108
54 19 84 81 4 28 108 84 24 64 27 99 53 95 2 54 12
52 20 32 65 95 51 66 69 64 26 42 24 82 55 75 100 Inf
6 4 4 1 Inf 1 2 4 5 2 12 Inf 3 5 6 1 3
88 79 124 92 137 118 Inf Inf Inf 94 152 82 10 35 19 129 Inf
21 37 Inf 14 12 24 25 31 5 Inf 27 37 18 10 41 Inf 2
128 Inf 192 166 63 Inf 43 22 63 Inf 52 151 88 104 34 Inf 253
68 58 51 114 131 135 63 116 104 100 121 14 28 112 61 50 105
70 26 122 30 123 9 4 Inf 50 5 10 79 114 76 104 56 67
85 74 44 8 27 106 85 10 Inf 170 33 19 95 10 154 128 142
21 Inf 13 14 30 15 9 7 18 4 36 1 42 Inf 34 40 41
134 204 16 42 46 220 17 182 42 Inf 57 86 Inf Inf 8 42 Inf
135 77 10 50 84 Inf 40 211 229 192 122 193 60 50 60 13 25
94 90 Inf Inf 42 177 27 22 68 27 180 16 7 115 58 6 188
90 59 103 116 78 101 123 40 159 4 32 5 56 154 163 102 Inf
50 45 49 26 6 6 Inf 14 49 50 81 55 23 73 43 19 65
143 141 18 47 265 238 198 98 191 213 221 261 41 271 Inf Inf 28
19 18 16 8 7 3 1 38 9 22 30 30 21 38 33 Inf 12
54 12 92 65 Inf 11 30 70 16 Inf 87 59 28 25 17 68 97
50 Inf 69 86 4 51 15 15 9 30 27 51 79 26 30 39 48
40 34 43 Inf 33 Inf 48 58 2 3 14 13 Inf 8 43 7 80
73 1 146 Inf 126 80 7 45 82 Inf 146 32 96 67 114 60 31
12 12 11 16 18 6 6 Inf 6 18 12 3 10 1 12 5 10
152 226 73 121 287 217 241 153 215 70 Inf 275 153 56 49 163 Inf
42 22 41 48 52 15 47 61 81 4 35 Inf 11 14 22 76 23
45 76 10 Inf 62 17 84 14 85 83 Inf 8 4 75 Inf 20 6
74 11 143 113 82 118 Inf 109 60 17 45 21 23 79 Inf 136 136
26 23 25 9 48 12 14 30 30 11 10 25 4 13 21 Inf 25
11 4 18 10 15 4 11 16 22 9 8 9 Inf 6 Inf 4 22
31 37 20 Inf 4 16 Inf 10 19 57 5 8 36 23 27 28 51
50 34 Inf 69 71 30 35 12 Inf 80 37 95 93 54 48 86 98
102 186 195 176 77 114 159 198 93 139 20 Inf 71 Inf Inf 53 183
46 7 42 68 23 Inf 85 27 78 48 52 Inf 76 31 3 64 79
35 12 65 4 58 21 3 29 69 25 59 4 46 Inf 43 12 34
40 13 42 33 4 46 59 1 40 18 41 Inf 68 69 3 31 50
2 4 2 4 2 2 1 3 2 4 2 1 Inf Inf Inf 2 3
1 Inf 1 1 1 1 1 2 Inf 1 1 2 2 1 1 Inf 1
3 2 2 1 3 3 3 2 2 3 Inf 1 3 6 3 5 1
13 20 20 Inf 26 16 26 2 Inf 15 20 16 20 13 Inf 4 2
16 18 16 Inf 16 6 30 5 5 9 Inf 28 Inf 27 18 22 15
25 13 42 27 35 10 20 24 45 Inf 42 41 4 39 49 28 9
21 Inf 9 9 39 23 20 Inf 41 42 20 Inf 40 Inf 14 Inf 28
43 21 Inf 35 53 40 26 28 Inf 39 61 40 Inf 46 24 78 26
30 3 27 48 26 16 43 54 58 12 11 59 10 58 39 51 51
83 145 Inf 123 18 96 99 82 100 84 7 92 Inf Inf Inf 92 25
89 171 133 Inf Inf 96 65 41 145 178 43 Inf 125 76 53 110 78
56 33 38 43 12 80 42 22 88 68 75 26 Inf 27 65 6 19
59 25 53 32 105 106 8 18 68 5 36 79 Inf 54 48 46 99
43 79 56 47 25 42 70 25 83 17 6 18 41 6 35 3 71
11 19 18 Inf 6 5 18 2 11 20 9 16 18 6 Inf 14 5
26 19 46 17 Inf 32 38 1 Inf 20 27 19 15 8 47 26 7
44 44 8 26 43 5 19 87 3 64 Inf 60 13 13 Inf 36 59
121 67 46 226 49 174 240 52 108 111 116 230 122 42 1 19 62
38 14 26 23 70 64 1 48 57 43 39 Inf 28 4 31 70 15
68 42 85 30 35 34 98 18 55 71 35 116 57 48 120 7 129
22 35 18 18 Inf 25 37 2 6 7 10 Inf 5 13 17 Inf Inf
7 2 1 6 3 8 12 9 6 1 9 5 13 2 3 1 10
16 4 9 7 Inf 31 21 20 4 7 7 19 26 2 15 28 6
32 23 56 32 58 40 Inf 59 23 40 50 45 49 54 31 21 Inf
25 15 13 16 11 12 6 Inf 2 10 Inf 5 27 20 2 15 36
27 51 48 6 5 28 25 33 54 4 54 42 18 2 17 15 4
156 261 279 Inf Inf 104 Inf 18 187 Inf 229 Inf 305 253 104 79 Inf
28 37 11 41 11 29 2 26 55 10 6 35 24 24 53 24 14
15 27 7 15 Inf 2 24 Inf 26 18 13 28 16 18 19 26 6
26 2 35 31 31 Inf 49 4 2 49 15 1 49 7 32 8 14
18 35 Inf Inf 28 11 22 23 26 8 17 Inf 11 15 2 1 25
72 16 94 Inf 76 Inf 36 55 10 110 14 86 Inf 92 131 101 101
23 23 5 9 43 6 35 12 13 46 22 11 9 40 15 3 13
27 8 16 6 20 6 9 Inf 15 20 26 18 31 35 3 40 40
1 2
1 41
1 69
1 70
2 3
3 4
3 68
4 6
4 7
5 6
5 24
5 30
6 8
7 8
8 12
9 10
10 11
11 12
12 13
12 14
13 23
14 23
15 16
16 17
16 18
17 19
18 19
19 20
19 22
19 57
20 21
21 23
22 23
23 25
23 31
23 33
24 25
25 26
25 27
25 28
25 29
26 35
27 35
28 35
29 35
30 31
31 32
32 35
33 34
34 35
35 36
35 44
35 48
35 51
35 53
35 56
35 60
35 61
35 62
36 37
37 38
38 39
39 40
40 42
41 42
42 43
43 50
44 45
45 46
46 47
47 50
48 49
49 50
51 52
52 54
53 54
54 55
57 58
58 59
59 60
61 65
62 63
63 64
64 65
64 66
64 67
