70
17 Inf 16 12 Inf 31 18 13 8 33 8 24 5 30 8 17 16
66 25 49 69 5 88 25 6 110 114 106 Inf 14 Inf 83 67 13
54 87 105 92 90 74 27 99 94 Inf 9 2 76 1 Inf 87 35
52 96 5 9 24 56 83 22 20 Inf 46 16 93 9 61 70 26
6 12 7 6 11 2 3 12 8 10 1 10 5 3 11 6 4
88 40 19 13 24 124 142 44 102 67 139 20 114 124 135 86 162
21 9 39 21 20 13 10 14 Inf 8 23 12 8 36 42 26 22
128 204 65 134 155 136 25 153 220 131 Inf Inf Inf 6 35 81 Inf
68 Inf 26 36 Inf 13 112 27 129 131 76 57 17 107 Inf Inf 96
70 135 1 102 95 140 7 27 114 68 92 88 44 49 77 61 92
85 Inf 130 135 42 8 62 15 Inf 57 81 72 48 62 145 Inf Inf
21 29 22 7 38 39 Inf 27 2 Inf 9 3 16 23 40 Inf 39
134 Inf 160 22 21 13 31 184 Inf 157 83 246 23 20 264 86 182
135 2 Inf 175 210 143 158 108 5 94 193 102 137 18 173 268 95
94 144 108 Inf Inf 172 166 6 110 Inf 31 145 166 177 121 97 7
90 84 69 173 125 168 Inf 18 166 Inf 115 152 59 111 Inf 61 159
50 89 39 Inf 15 82 21 81 62 31 62 5 11 91 14 88 46
143 31 200 Inf 39 32 185 144 70 173 156 21 105 112 79 148 144
19 Inf 36 18 24 38 28 30 5 20 Inf 18 Inf 11 13 30 Inf
54 67 22 43 Inf 16 42 100 63 22 69 33 Inf 8 81 47 44
50 20 Inf 11 Inf 65 89 92 51 85 80 9 60 55 52 Inf 9
40 48 54 9 48 24 Inf 69 57 79 60 57 2 70 10 7 70
73 5 Inf 38 3 42 Inf 102 Inf 28 29 9 Inf 108 123 14 124
12 18 7 1 6 16 Inf Inf 19 10 13 24 Inf 5 22 10 13
152 182 280 149 280 27 162 26 Inf 256 216 142 124 244 104 237 102
42 Inf 4 31 25 74 12 71 61 70 28 2 12 3 35 29 20
45 68 29 16 8 78 34 77 74 24 39 1 71 29 14 24 34
74 Inf 23 142 138 56 Inf 143 146 42 127 8 92 2 Inf 127 Inf
26 15 30 33 47 12 20 50 36 24 21 10 12 12 30 30 36
11 1 Inf 8 14 3 11 18 12 20 20 16 Inf 10 2 15 2
31 21 17 13 58 62 39 56 31 57 15 Inf 31 7 29 13 7
50 51 48 25 Inf 21 13 90 99 32 98 50 Inf 12 78 63 41
102 85 22 195 173 69 22 127 44 182 144 52 123 128 178 135 187
46 6 82 25 92 55 10 73 10 68 6 72 86 79 75 73 15
35 67 Inf 56 68 36 Inf 64 13 22 13 6 63 7 14 51 27
40 75 43 70 1 Inf 44 27 22 11 15 Inf 2 61 9 5 55
2 1 3 2 1 4 4 Inf 3 1 3 Inf 3 4 Inf 1 3
1 1 2 2 2 1 Inf 1 1 2 1 1 1 2 2 2 1
3 4 3 6 2 Inf 4 2 1 6 6 2 6 3 5 3 3
13 Inf 24 8 10 7 25 Inf 5 12 2 26 25 13 9 2 3
16 16 3 7 17 20 26 1 10 2 7 24 19 14 2 4 26
25 17 15 34 16 8 7 48 Inf 11 7 25 18 10 40 22 8
21 9 38 28 5 22 35 11 22 5 14 35 32 Inf 33 20 9
43 44 78 1 20 72 44 31 76 53 19 63 11 9 12 Inf 56
30 30 9 34 47 50 24 Inf 8 7 16 52 Inf 10 Inf 28 42
83 154 156 140 8 Inf 25 137 133 100 68 Inf Inf 118 158 18 97
89 34 Inf 61 139 17 126 101 130 100 72 42 4 Inf Inf 76 57
56 Inf 95 26 51 103 26 104 20 41 104 33 112 16 51 66 98
59 Inf Inf 65 95 55 24 99 86 51 90 89 72 4 83 33 65
43 29 58 14 Inf Inf 48 78 Inf 23 29 42 46 14 21 53 Inf
11 9 6 7 4 Inf 6 1 17 21 10 19 11 10 17 9 Inf
26 9 17 49 23 41 2 47 29 17 42 21 37 9 13 Inf 28
44 45 Inf 15 66 3 Inf 70 77 54 63 53 13 51 Inf 81 74
121 67 23 Inf 153 24 179 28 116 85 223 222 184 151 79 181 Inf
38 71 27 20 48 71 70 17 2 Inf Inf Inf 46 75 31 54 Inf
68 Inf 24 119 45 33 118 22 45 90 21 4 83 93 60 105 88
22 39 30 6 33 Inf 28 31 15 5 44 41 26 15 Inf 21 3
7 10 1 9 1 2 3 4 9 1 11 5 Inf 6 7 3 14
16 25 Inf 30 12 32 5 9 4 13 4 15 Inf 8 14 24 Inf
32 15 12 Inf 16 35 44 Inf 46 36 18 41 57 34 1 36 Inf
25 6 3 9 23 7 21 44 30 42 32 46 32 Inf 47 15 13
27 Inf 18 26 Inf 19 21 13 34 15 Inf Inf 24 51 Inf Inf 10
156 Inf 73 3 230 147 37 13 91 180 208 50 58 81 23 50 37
28 12 12 36 33 45 25 52 28 12 3 28 36 54 9 28 Inf
15 12 14 30 14 14 7 14 14 29 15 25 4 20 19 9 20
26 48 3 32 2 35 38 45 42 10 5 48 22 7 15 36 50
18 10 33 19 33 33 30 4 29 4 9 29 8 13 36 27 23
72 3 79 89 72 38 13 21 59 30 113 8 38 76 83 101 70
23 Inf 12 41 Inf 8 8 34 29 16 29 6 21 14 Inf 45 25
27 8 13 3 27 33 50 41 46 37 Inf 29 47 12 49 29 33
1 2
1 41
1 69
1 70
2 3
3 4
3 68
4 6
4 7
5 6
5 24
5 30
6 8
7 8
8 12
9 10
10 11
11 12
12 13
12 14
13 23
14 23
15 16
16 17
16 18
17 19
18 19
19 20
19 22
19 57
20 21
21 23
22 23
23 25
23 31
23 33
24 25
25 26
25 27
25 28
25 29
26 35
27 35
28 35
29 35
30 31
31 32
32 35
33 34
34 35
35 36
35 44
35 48
35 51
35 53
35 56
35 60
35 61
35 62
36 37
37 38
38 39
39 40
40 42
41 42
42 43
43 50
44 45
45 46
46 47
47 50
48 49
49 50
51 52
52 54
53 54
54 55
57 58
58 59
59 60
61 65
62 63
63 64
64 65
64 66
64 67
