70
17 34 4 16 33 20 6 13 23 5 20 18 22 2 5 4 16
66 52 107 Inf Inf 100 Inf 72 33 5 Inf 76 85 5 27 10 32
54 Inf 45 31 60 85 2 43 Inf 54 93 6 Inf 63 7 3 16
52 70 Inf 50 Inf 73 Inf 2 59 98 Inf Inf 62 3 36 7 67
6 2 2 4 1 4 11 11 2 Inf 10 11 8 3 Inf 5 9
88 167 50 143 Inf 93 16 134 Inf Inf 60 89 29 4 46 25 83
21 Inf 6 8 38 24 20 22 23 2 Inf 4 8 3 42 2 23
128 68 103 235 240 56 Inf 71 255 38 153 63 83 20 71 Inf 140
68 Inf 72 129 48 118 19 6 26 131 42 47 75 34 117 19 9
70 Inf 79 63 26 57 10 123 130 80 11 118 Inf 5 22 13 33
85 144 20 52 60 59 28 74 11 68 159 33 Inf 166 63 Inf 31
21 34 12 4 20 11 37 15 3 9 26 15 38 39 9 14 15
134 168 253 Inf 55 Inf 242 124 175 218 12 164 75 218 171 211 Inf
135 Inf 261 122 53 174 2 Inf 155 22 225 83 122 163 104 197 77
94 118 49 122 160 69 66 99 88 92 126 73 83 Inf 81 Inf 25
90 37 76 123 52 58 179 22 70 102 157 57 79 19 97 5 103
50 72 40 31 4 89 14 95 Inf 63 Inf Inf Inf 14 44 12 97
143 194 21 72 120 99 84 150 188 242 186 257 213 157 178 118 243
19 26 33 36 38 28 10 6 Inf 19 13 Inf 31 16 5 23 13
54 39 77 78 8 77 77 105 96 92 108 43 39 47 53 65 103
50 95 Inf 44 71 Inf 77 15 28 29 47 84 52 Inf 20 4 31
40 17 16 69 65 40 35 62 18 62 68 5 57 11 7 41 20
73 69 Inf 21 23 103 36 Inf 69 44 134 93 11 110 59 106 53
12 Inf 4 5 10 23 24 17 Inf 6 7 1 2 Inf 1 3 24
152 70 89 44 Inf 79 231 37 210 217 15 70 166 181 46 277 97
42 82 17 Inf 80 15 8 6 65 Inf 23 28 2 76 39 30 34
45 16 50 67 45 74 28 10 56 9 30 Inf 34 22 19 6 17
74 110 14 Inf Inf Inf 5 139 92 135 90 78 59 18 5 32 110
26 24 19 31 19 20 41 42 16 19 Inf 46 10 28 51 29 3
11 16 19 20 6 15 6 8 1 5 6 20 18 15 15 14 Inf
31 9 Inf 45 Inf Inf Inf 56 26 4 54 26 25 10 31 16 6
50 Inf Inf 79 32 26 25 78 83 4 99 29 50 56 26 Inf Inf
102 73 166 Inf 28 172 68 144 118 22 49 Inf 20 Inf 181 Inf 144
46 5 90 3 76 69 73 35 77 76 6 67 Inf 88 Inf Inf 70
35 26 34 5 53 65 53 45 14 6 59 27 50 Inf 65 26 43
40 80 70 72 35 10 11 9 46 Inf 2 27 5 Inf 14 4 70
2 2 2 4 3 3 4 3 Inf 4 1 2 4 1 2 1 2
1 1 1 1 2 Inf 2 Inf 2 1 1 Inf 2 1 1 1 2
3 2 4 4 2 Inf 5 5 1 3 1 2 1 2 1 1 2
13 16 2 Inf Inf Inf 10 13 9 7 8 10 24 5 Inf 13 14
16 31 9 Inf 24 31 23 1 17 4 Inf 4 6 2 31 30 23
25 40 28 10 45 19 13 Inf 37 36 18 Inf 39 15 40 29 12
21 5 33 32 15 38 27 Inf 4 32 Inf 8 17 20 6 Inf 27
43 61 67 28 80 68 78 8 52 Inf 8 36 17 13 41 57 57
30 2 27 9 21 56 27 8 27 27 37 1 11 49 60 60 Inf
83 47 Inf 32 109 46 128 94 Inf 9 Inf 9 129 69 76 58 23
89 Inf 135 146 21 Inf Inf 20 3 134 166 34 136 50 98 82 174
56 63 73 41 63 45 75 49 49 9 5 20 37 35 Inf 105 88
59 77 94 17 30 20 27 106 100 38 5 104 29 56 110 72 112
43 69 45 51 Inf 20 67 48 Inf 21 1 51 15 44 63 Inf 60
11 7 18 10 3 8 3 4 4 Inf 21 19 17 17 4 4 10
26 2 14 37 25 10 Inf 24 31 49 23 34 22 12 43 35 36
44 1 7 2 52 41 Inf 22 67 82 68 51 85 3 Inf 36 5
121 58 181 158 21 50 57 97 124 218 61 138 93 Inf 199 174 28
38 48 14 Inf 3 18 3 75 Inf 12 39 29 20 15 75 25 2
68 3 47 73 109 96 40 28 41 68 79 37 83 16 103 28 14
22 44 19 3 34 16 1 43 31 39 37 30 Inf Inf 43 21 31
7 5 3 12 1 1 8 3 12 7 5 14 4 3 6 11 11
16 7 3 20 Inf 28 6 11 24 21 16 9 22 Inf 29 18 18
32 18 4 24 61 31 49 50 38 14 22 Inf 20 54 52 41 35
25 4 Inf 22 45 21 Inf Inf 6 18 5 30 28 31 36 8 33
27 26 21 6 38 44 9 12 40 9 30 29 50 8 24 28 25
156 52 75 299 79 234 56 281 138 272 46 225 30 170 277 Inf 152
28 7 39 23 43 2 Inf 6 13 39 3 14 20 36 51 19 3
15 27 10 4 4 5 11 16 3 25 18 Inf 20 22 4 25 5
26 18 36 26 13 13 43 Inf Inf 29 25 51 41 50 8 17 34
18 16 10 10 4 1 27 27 26 28 Inf Inf 25 20 33 6 12
72 107 85 26 133 136 6 139 101 17 100 6 64 86 Inf 28 Inf
23 26 3 20 38 17 42 5 4 41 Inf 30 24 8 41 Inf Inf
27 Inf 21 23 5 37 23 2 4 7 9 Inf 14 38 25 31 42
1 2
1 41
1 69
1 70
2 3
3 4
3 68
4 6
4 7
5 6
5 24
5 30
6 8
7 8
8 12
9 10
10 11
11 12
12 13
12 14
13 23
14 23
15 16
16 17
16 18
17 19
18 19
19 20
19 22
19 57
20 21
21 23
22 23
23 25
23 31
23 33
24 25
25 26
25 27
25 28
25 29
26 35
27 35
28 35
29 35
30 31
31 32
32 35
33 34
34 35
35 36
35 44
35 48
35 51
35 53
35 56
35 60
35 61
35 62
36 37
37 38
38 39
39 40
40 42
41 42
42 43
43 50
44 45
45 46
46 47
47 50
48 49
49 50
51 52
52 54
53 54
54 55
57 58
58 59
59 60
61 65
62 63
63 64
64 65
64 66
64 67
