70
17 17 24 8 23 22 11 16 26 17 25 29 29 32 30 Inf 14
66 79 Inf 114 3 95 99 1 10 125 60 93 57 Inf 9 98 64
54 35 9 84 97 8 Inf 50 19 2 16 25 54 Inf 25 57 60
52 36 8 17 33 14 22 82 32 5 50 16 18 66 6 35 Inf
6 2 3 8 10 Inf 8 3 5 3 Inf Inf 6 3 9 11 11
88 104 Inf 78 128 Inf 109 103 97 Inf 14 167 Inf 64 4 Inf 120
21 14 13 7 Inf 27 Inf 42 24 35 36 3 Inf 41 5 Inf Inf
128 217 17 45 25 176 222 253 172 Inf 185 88 244 80 46 131 161
68 Inf 95 56 74 123 83 37 72 18 70 Inf 16 129 68 5 87
70 125 110 Inf 25 86 Inf 109 25 122 98 70 20 73 117 64 103
85 128 Inf 5 167 6 81 57 48 8 Inf 28 63 121 Inf 31 141
21 41 10 19 35 Inf 26 12 39 13 9 5 19 24 21 39 38
134 33 40 84 187 172 Inf 87 140 230 167 93 129 251 17 243 91
135 109 Inf 6 135 23 Inf 257 119 Inf 97 22 111 196 Inf 93 37
94 43 145 123 50 153 127 53 158 Inf 89 47 151 38 75 109 186
90 160 102 125 62 Inf 18 126 Inf Inf 144 165 64 160 37 165 Inf
50 2 Inf 34 7 44 35 17 Inf 86 14 40 49 18 67 Inf 79
143 Inf 200 212 236 168 6 131 32 94 103 274 105 228 23 182 268
19 8 36 29 27 3 16 29 Inf 20 11 29 34 38 38 4 Inf
54 86 106 100 8 73 Inf Inf 100 16 57 Inf 85 63 1 15 Inf
50 74 6 20 79 57 29 44 12 2 93 15 71 Inf 70 23 Inf
40 Inf 73 Inf 45 76 Inf 75 19 64 46 25 12 Inf 11 33 6
73 46 116 8 138 Inf 91 Inf 76 16 130 142 4 Inf 133 123 27
12 21 5 21 4 5 Inf 12 Inf 18 24 1 15 18 3 Inf 16
152 135 123 Inf 80 253 Inf 148 215 243 Inf 95 167 Inf 119 37 130
42 Inf 54 76 69 57 23 16 Inf 53 26 56 35 59 71 26 11
45 25 Inf 50 79 2 25 27 16 1 53 54 57 38 74 14 68
74 101 57 27 138 73 24 77 130 30 111 7 71 Inf 74 83 27
26 17 25 45 47 41 12 35 9 29 24 33 22 19 51 21 9
11 11 11 2 11 14 15 3 Inf Inf 20 Inf 1 14 10 16 2
31 45 Inf 60 Inf 23 37 24 29 Inf 44 23 34 Inf 60 25 13
50 76 84 22 Inf 14 45 16 2 15 14 25 28 Inf 80 76 25
102 55 60 23 56 194 80 17 59 1 73 72 35 39 21 Inf 33
46 55 45 67 20 3 10 52 89 85 78 Inf 15 49 23 57 17
35 8 Inf 20 61 5 17 60 30 27 Inf 20 14 24 Inf 15 60
40 77 70 8 80 53 41 38 53 4 38 15 10 27 21 28 27
2 2 1 4 1 3 4 2 3 1 1 4 2 3 2 3 2
1 1 1 1 1 2 2 1 2 1 2 2 1 1 2 1 2
3 1 6 6 3 4 2 3 2 6 3 5 3 1 Inf 1 Inf
13 13 21 11 21 16 1 3 20 21 16 Inf 11 Inf 15 18 13
16 3 Inf 14 14 Inf 28 18 32 20 4 4 31 5 18 25 28
25 47 28 4 21 12 6 44 39 12 Inf 1 9 9 46 45 48
21 31 12 41 Inf 40 14 42 2 Inf 3 5 Inf 36 26 12 38
43 42 Inf 22 74 41 18 32 51 24 47 41 26 20 15 68 41
30 Inf 14 38 26 10 49 4 7 51 37 Inf Inf 23 Inf 22 49
83 80 84 81 24 139 20 82 70 44 129 164 Inf 159 59 Inf Inf
89 58 49 61 83 85 168 16 92 30 22 2 134 1 150 98 Inf
56 99 104 109 65 14 3 44 77 108 22 91 20 4 27 43 89
59 26 77 99 32 71 21 25 79 111 10 50 55 83 21 102 96
43 2 59 Inf 40 29 Inf 3 30 39 55 Inf Inf 18 36 Inf 43
11 1 6 18 10 2 9 1 4 20 16 11 4 1 17 12 1
26 44 40 13 5 5 7 Inf 28 39 30 40 9 17 28 26 10
44 7 66 17 Inf 45 57 34 15 5 37 Inf 44 21 29 30 18
121 104 162 21 190 131 78 29 182 Inf 72 8 113 Inf Inf 20 212
38 75 59 1 40 55 17 12 40 26 49 76 13 4 45 26 13
68 39 76 74 111 84 Inf 17 Inf 73 37 Inf 18 Inf 63 Inf 25
22 Inf 13 Inf 32 39 20 9 29 37 Inf 41 2 43 Inf 32 41
7 3 7 14 4 11 6 9 14 Inf 1 4 Inf 4 1 13 4
16 27 6 1 6 16 Inf 18 Inf 7 9 Inf 32 1 9 10 18
32 24 40 25 38 Inf Inf Inf 5 50 10 43 31 3 15 4 Inf
25 36 8 45 29 26 12 10 30 37 5 27 9 36 44 40 14
27 9 2 30 51 24 52 3 12 Inf 29 7 32 4 45 44 17
156 12 17 167 156 214 51 Inf 136 273 58 228 Inf 14 154 15 129
28 16 31 55 Inf 21 31 23 2 7 54 19 34 14 45 12 46
15 18 19 29 10 29 30 17 24 20 18 Inf 24 30 6 7 23
26 15 Inf Inf Inf 25 Inf 8 14 10 Inf 25 Inf Inf 1 7 46
18 18 26 20 13 4 7 27 10 19 25 25 1 5 28 15 3
72 27 134 79 94 98 Inf 119 115 140 84 111 94 18 17 Inf 63
23 26 13 28 38 1 29 4 46 1 9 44 14 17 14 3 6
27 1 24 41 10 22 48 37 47 46 44 46 44 53 54 52 1
1 2
1 41
1 69
1 70
2 3
3 4
3 68
4 6
4 7
5 6
5 24
5 30
6 8
7 8
8 12
9 10
10 11
11 12
12 13
12 14
13 23
14 23
15 16
16 17
16 18
17 19
18 19
19 20
19 22
19 57
20 21
21 23
22 23
23 25
23 31
23 33
24 25
25 26
25 27
25 28
25 29
26 35
27 35
28 35
29 35
30 31
31 32
32 35
33 34
34 35
35 36
35 44
35 48
35 51
35 53
35 56
35 60
35 61
35 62
36 37
37 38
38 39
39 40
40 42
41 42
42 43
43 50
44 45
45 46
46 47
47 50
48 49
49 50
51 52
52 54
53 54
54 55
57 58
58 59
59 60
61 65
62 63
63 64
64 65
64 66
64 67
