70
17 13 34 18 15 9 12 Inf 20 19 Inf 4 26 11 16 10 Inf
66 95 Inf Inf 26 35 68 113 116 36 41 128 98 26 112 104 Inf
54 31 51 91 48 76 41 45 75 23 5 22 87 69 78 103 Inf
52 97 22 12 104 75 92 31 Inf Inf 52 104 Inf 87 29 68 95
6 11 8 9 11 6 1 11 5 11 Inf 12 1 Inf 10 6 Inf
88 Inf 123 54 25 21 27 152 5 32 Inf 114 176 128 40 162 74
21 39 32 28 14 4 40 27 28 10 38 38 31 15 7 42 35
128 136 124 69 33 184 34 16 24 200 Inf Inf 193 50 141 219 87
68 Inf 117 110 Inf Inf 12 113 69 105 23 95 51 135 65 83 56
70 30 38 68 10 85 39 68 43 124 63 Inf 80 114 28 Inf 6
85 158 32 81 154 121 41 18 158 22 57 78 32 132 136 87 114
21 30 24 10 19 21 Inf Inf 30 6 Inf 39 41 14 2 Inf 15
134 71 170 157 256 33 151 62 182 Inf 206 160 210 74 264 17 260
135 261 Inf 146 103 Inf 4 21 50 74 130 Inf 227 118 193 34 166
94 Inf 167 113 53 Inf 96 Inf 137 176 Inf 35 61 135 12 31 Inf
90 Inf Inf 177 64 51 26 11 173 23 Inf 121 131 60 70 18 25
50 53 57 74 18 98 98 70 13 59 6 38 43 13 72 92 34
143 Inf 51 215 60 74 40 207 Inf 75 199 Inf 67 199 206 54 105
19 5 35 Inf 12 23 27 8 32 11 Inf 20 Inf Inf 28 29 9
54 20 27 75 106 100 58 Inf 6 24 65 38 67 80 62 14 5
50 55 24 27 Inf 2 2 3 16 90 64 Inf 45 80 19 Inf 27
40 31 11 45 19 5 4 63 Inf 2 11 32 26 68 13 66 5
73 93 78 90 102 26 30 Inf 38 4 Inf Inf 60 47 Inf 134 28
12 14 11 22 Inf 17 23 7 2 1 17 23 8 13 20 13 7
152 157 207 Inf 274 98 270 40 2 260 21 141 155 258 Inf 153 247
42 12 68 20 3 Inf 58 52 44 84 55 21 Inf 37 61 78 Inf
45 63 59 86 49 16 72 79 48 60 78 Inf 81 5 7 66 79
74 143 Inf 14 27 10 11 112 103 3 57 134 142 11 Inf 37 88
26 17 40 46 49 23 15 43 23 20 50 40 11 42 38 50 24
11 11 6 6 7 5 13 13 16 3 13 10 17 7 Inf 13 4
31 12 18 45 Inf 7 38 41 25 Inf 41 62 54 Inf 14 7 3
50 27 Inf 22 Inf 20 41 28 50 8 27 50 68 9 40 78 78
102 Inf Inf 84 100 184 83 147 95 35 68 167 42 98 196 Inf Inf
46 3 3 24 Inf 15 7 1 72 89 Inf 2 32 Inf Inf 16 54
35 Inf Inf 48 44 37 9 9 24 14 1 22 49 Inf 51 41 34
40 52 62 60 16 27 Inf 37 18 10 29 14 47 75 75 4 48
2 1 1 2 4 1 4 4 2 3 1 Inf 2 1 1 2 Inf
1 2 1 Inf 1 Inf 1 1 2 1 1 2 2 2 1 1 1
3 4 5 5 5 2 2 Inf 3 3 2 5 2 6 1 1 Inf
13 Inf 10 6 12 Inf Inf 18 17 16 Inf 24 3 23 1 11 22
16 9 17 11 Inf 1 4 2 12 4 6 Inf 4 29 28 15 29
25 30 8 12 14 29 16 12 Inf 37 42 32 27 21 5 27 Inf
21 7 19 35 30 33 35 24 6 30 Inf 33 40 5 11 37 Inf
43 8 31 68 Inf 67 34 22 43 10 58 39 7 Inf 81 81 79
30 Inf 7 11 1 3 Inf Inf 47 38 15 38 33 42 41 Inf 50
83 71 67 11 62 19 40 Inf 57 76 Inf 24 61 106 136 2 Inf
89 6 134 Inf Inf 124 159 146 173 35 Inf Inf 160 Inf 162 28 59
56 25 39 53 30 17 44 35 3 17 25 6 103 26 35 1 76
59 28 51 63 Inf 34 Inf 86 38 37 19 49 10 45 72 2 49
43 15 6 80 74 83 50 38 60 79 84 14 55 8 54 50 56
11 5 21 21 8 6 5 Inf 6 12 13 Inf 12 1 6 22 2
26 32 33 14 19 51 Inf 10 29 31 18 47 2 37 20 51 45
44 13 8 51 15 11 74 87 Inf 5 83 59 51 43 26 Inf 39
121 182 42 233 208 21 140 Inf 186 111 126 232 178 181 114 203 235
38 6 28 37 19 41 Inf 5 67 Inf Inf 8 73 36 1 16 72
68 92 69 119 118 103 Inf 72 Inf 85 9 33 37 97 109 25 33
22 Inf 18 Inf 5 25 10 Inf 40 14 40 6 Inf 37 12 34 18
7 5 5 7 4 5 3 3 Inf 12 7 14 8 14 5 13 5
16 2 5 12 30 3 Inf 25 7 17 6 8 1 31 3 22 27
32 Inf Inf Inf 61 4 16 8 35 Inf 17 52 3 Inf 53 64 2
25 2 47 50 2 19 13 Inf 10 50 46 10 40 34 8 3 3
27 6 45 48 Inf 26 3 39 21 48 21 53 38 43 3 6 1
156 13 2 83 246 275 34 29 233 83 46 8 139 212 303 13 247
28 13 1 1 17 8 36 Inf 31 34 53 19 Inf 12 6 29 47
15 Inf 22 3 3 5 11 22 21 9 8 Inf 2 17 29 1 Inf
26 50 29 Inf 12 6 36 30 Inf 30 45 47 42 51 35 Inf 43
18 19 21 8 10 2 24 15 9 11 10 26 2 18 Inf 23 Inf
72 8 35 36 105 13 34 134 9 131 Inf 116 139 6 Inf 49 81
23 16 43 14 30 18 20 10 41 36 14 36 3 26 Inf 24 24
27 4 28 22 7 24 27 47 43 4 13 42 Inf Inf 7 37 52
1 2
1 41
1 69
1 70
2 3
3 4
3 68
4 6
4 7
5 6
5 24
5 30
6 8
7 8
8 12
9 10
10 11
11 12
12 13
12 14
13 23
14 23
15 16
16 17
16 18
17 19
18 19
19 20
19 22
19 57
20 21
21 23
22 23
23 25
23 31
23 33
24 25
25 26
25 27
25 28
25 29
26 35
27 35
28 35
29 35
30 31
31 32
32 35
33 34
34 35
35 36
35 44
35 48
35 51
35 53
35 56
35 60
35 61
35 62
36 37
37 38
38 39
39 40
40 42
41 42
42 43
43 50
44 45
45 46
46 47
47 50
48 49
49 50
51 52
52 54
53 54
54 55
57 58
58 59
59 60
61 65
62 63
63 64
64 65
64 66
64 67
