70
17 3 15 23 6 3 7 3 6 1 Inf 25 18 23 4 29 2
66 98 20 62 54 22 33 40 113 91 58 124 Inf 39 107 113 2
54 63 30 Inf 93 98 3 24 61 103 91 Inf 25 74 76 14 62
52 35 33 98 47 34 101 70 14 54 8 Inf 7 67 Inf 52 20
6 Inf 2 7 12 Inf 11 2 4 5 3 2 Inf 4 10 5 7
88 30 9 117 127 162 161 162 73 Inf 26 79 22 8 24 25 87
21 29 28 4 7 42 10 5 9 42 29 1 41 Inf 36 22 6
128 57 Inf 27 88 74 133 162 Inf 216 104 238 117 50 146 226 Inf
68 28 8 130 57 129 Inf 6 60 40 28 74 68 41 Inf 43 134
70 114 36 117 11 22 86 45 110 Inf 59 49 45 80 Inf 77 133
85 139 Inf 17 58 31 Inf 166 142 Inf Inf 17 21 93 116 80 162
21 27 Inf 14 Inf Inf 16 5 11 10 5 10 37 24 8 9 24
134 229 121 Inf Inf 233 Inf 15 87 Inf 230 9 144 228 247 236 205
135 1 243 115 16 114 Inf 184 126 142 157 Inf 103 181 48 Inf 187
94 34 58 176 Inf 104 50 29 Inf 43 122 43 Inf 15 28 68 150
90 82 37 109 34 160 80 32 52 Inf Inf 62 Inf 2 127 152 174
50 4 93 4 70 12 97 85 73 22 4 31 97 18 96 93 23
143 216 Inf 202 99 279 219 154 63 223 60 206 44 178 22 47 270
19 15 7 2 4 4 Inf 1 15 30 16 Inf 29 28 18 Inf 7
54 95 12 Inf 72 35 78 21 15 61 14 30 14 68 86 Inf 29
50 20 6 45 47 67 44 51 Inf 77 79 8 19 10 Inf 8 33
40 33 30 10 Inf 73 9 65 65 9 50 73 27 19 13 Inf 60
73 131 129 24 94 92 16 134 118 52 118 81 114 25 8 31 119
12 2 23 19 6 13 4 13 21 15 8 8 23 10 3 15 12
152 296 53 151 90 269 40 115 18 Inf 290 106 239 48 171 211 110
42 14 Inf 57 53 18 25 47 62 59 33 31 40 4 8 72 50
45 54 89 75 Inf 62 14 19 70 76 79 17 26 73 35 55 72
74 138 48 52 125 80 Inf 117 94 19 104 89 124 20 Inf 109 22
26 14 30 9 3 40 9 29 Inf 26 31 6 38 32 2 8 30
11 10 8 8 14 Inf Inf 4 1 22 19 14 7 20 19 6 6
31 Inf 34 12 6 6 5 Inf Inf Inf 29 19 9 38 10 24 20
50 93 82 16 7 13 89 9 55 Inf 27 42 97 39 96 5 28
102 161 173 187 Inf 26 64 191 174 149 Inf 166 113 57 53 157 50
46 16 52 55 90 42 33 23 Inf 33 76 14 80 65 Inf Inf 45
35 3 8 20 19 8 57 11 Inf 57 13 6 2 47 2 61 11
40 55 58 14 49 46 33 40 29 Inf Inf 40 14 77 65 Inf 65
2 1 3 1 1 1 2 1 2 1 1 2 4 3 2 3 2
1 1 1 1 1 1 2 1 2 1 1 Inf 1 2 2 2 2
3 1 2 5 5 2 1 Inf 3 1 5 1 4 6 5 3 3
13 Inf 17 3 15 25 23 17 7 5 Inf 22 4 Inf 7 1 3
16 20 3 29 5 Inf 22 4 Inf Inf 13 1 28 14 21 6 7
25 Inf 18 40 48 15 13 32 35 17 42 20 47 46 1 36 11
21 24 30 31 6 28 11 19 10 31 16 18 Inf Inf 22 Inf 17
43 13 Inf 84 71 48 18 77 Inf Inf 32 73 60 35 58 10 73
30 1 41 34 40 27 Inf Inf 39 13 28 57 19 14 25 58 17
83 63 134 78 65 122 Inf Inf 86 126 6 Inf 156 61 92 87 41
89 146 59 14 63 52 Inf 47 137 28 5 77 Inf 152 134 48 12
56 Inf 87 54 87 21 42 68 65 15 65 62 32 72 66 94 37
59 93 Inf 2 68 12 26 91 31 Inf Inf Inf 2 50 2 Inf 9
43 46 52 12 63 29 50 74 25 20 49 57 22 22 Inf 4 56
11 18 2 7 14 21 Inf 15 10 17 13 18 11 12 4 6 3
26 39 9 34 43 5 17 45 13 13 48 35 1 19 Inf 42 44
44 77 Inf 86 39 42 48 9 66 11 63 18 73 71 36 81 57
121 46 188 197 195 217 97 125 52 22 47 47 133 164 123 Inf 47
38 49 16 30 26 15 43 49 58 15 8 22 12 10 Inf 14 58
68 51 47 21 111 14 136 136 11 72 20 65 4 12 17 51 46
22 7 35 7 43 25 Inf 11 27 11 35 43 Inf 40 24 35 22
7 2 13 3 5 6 13 4 5 5 1 2 10 13 2 12 2
16 9 3 11 Inf 27 27 21 6 14 5 27 30 31 10 9 11
32 17 Inf Inf Inf 31 23 27 56 39 8 9 29 42 41 41 8
25 41 1 14 50 9 23 27 30 4 11 27 Inf 14 4 Inf 17
27 44 18 3 7 54 6 38 9 20 10 50 5 9 19 43 52
156 278 74 270 110 41 98 305 150 Inf 100 59 191 260 66 14 99
28 49 22 9 Inf 2 20 40 21 37 24 11 53 3 10 53 54
15 1 22 19 20 18 29 11 Inf 17 16 27 19 5 Inf Inf 30
26 16 46 Inf 46 46 9 49 38 31 23 Inf 30 44 Inf 19 Inf
18 24 2 15 7 23 17 1 26 5 8 3 34 20 3 15 8
72 13 58 50 3 Inf 26 142 11 126 16 116 17 52 133 Inf 12
23 45 21 28 29 40 39 4 37 5 4 3 13 31 12 4 44
27 15 32 3 11 49 27 4 Inf 49 47 16 46 36 6 7 6
1 2
1 41
1 69
1 70
2 3
3 4
3 68
4 6
4 7
5 6
5 24
5 30
6 8
7 8
8 12
9 10
10 11
11 12
12 13
12 14
13 23
14 23
15 16
16 17
16 18
17 19
18 19
19 20
19 22
19 57
20 21
21 23
22 23
23 25
23 31
23 33
24 25
25 26
25 27
25 28
25 29
26 35
27 35
28 35
29 35
30 31
31 32
32 35
33 34
34 35
35 36
35 44
35 48
35 51
35 53
35 56
35 60
35 61
35 62
36 37
37 38
38 39
39 40
40 42
41 42
42 43
43 50
44 45
45 46
46 47
47 50
48 49
49 50
51 52
52 54
53 54
54 55
57 58
58 59
59 60
61 65
62 63
63 64
64 65
64 66
64 67
