70
17 16 Inf 8 1 17 13 1 2 10
66 58 Inf 36 64 Inf 40 11 40 13
54 5 5 20 10 8 31 40 38 22
52 37 23 37 30 12 5 41 32 36
6 2 1 3 2 Inf 5 Inf 3 2
88 8 Inf Inf 67 2 41 67 17 74
21 12 5 7 3 3 Inf 12 4 19
128 112 107 88 67 Inf 12 15 68 113
68 Inf 19 10 7 3 47 Inf 27 14
70 59 66 28 Inf 28 43 65 67 66
85 13 77 42 22 9 49 23 12 5
21 1 9 19 19 15 6 2 21 4
134 112 52 72 90 78 125 67 64 32
135 114 129 45 64 41 72 15 9 80
94 83 29 31 66 51 81 17 56 43
90 47 76 12 51 15 13 85 3 Inf
50 13 32 38 5 30 33 48 41 45
143 99 Inf 87 Inf 114 61 125 Inf 74
19 3 3 9 5 5 3 15 13 9
54 50 40 Inf 1 12 9 37 Inf 52
50 20 21 25 19 38 Inf 13 49 27
40 6 24 Inf 17 17 37 25 36 37
73 43 9 15 Inf 57 8 72 53 64
12 12 8 9 3 11 2 12 12 3
152 51 53 Inf Inf 63 54 Inf 103 15
42 25 1 30 39 29 32 39 30 37
45 9 Inf 6 28 31 28 Inf Inf 35
74 Inf 14 21 70 12 35 17 11 22
26 25 8 2 12 19 7 14 11 6
11 2 5 8 11 1 5 5 Inf 3
31 26 25 15 11 22 8 19 5 27
50 4 Inf 37 17 3 25 34 23 14
102 72 18 87 19 13 52 30 90 Inf
46 Inf 46 12 32 Inf 17 18 Inf 29
35 11 Inf Inf 7 30 9 10 35 33
40 28 27 3 3 10 23 24 32 19
2 Inf 2 2 1 Inf 2 1 1 2
1 1 1 1 1 1 Inf 1 Inf 1
3 3 1 2 2 3 Inf 2 2 1
13 7 3 13 11 6 7 Inf 8 1
16 5 2 12 4 3 6 14 2 9
25 2 25 Inf 5 Inf 24 17 5 24
21 5 9 21 5 13 9 Inf 11 Inf
43 Inf 1 15 30 Inf 34 37 39 2
30 10 Inf 8 12 28 3 28 25 3
83 Inf 5 10 68 4 50 67 30 46
89 52 84 73 87 87 2 23 42 42
56 24 Inf 31 29 46 43 Inf Inf 5
59 36 34 56 Inf 22 52 47 30 48
43 30 20 13 37 21 Inf Inf 10 16
11 5 9 5 5 8 3 2 2 9
26 6 15 21 26 19 6 10 Inf 24
44 1 25 18 9 26 9 23 17 5
121 40 56 71 85 49 69 96 15 Inf
38 Inf 16 32 24 10 Inf 7 31 31
68 10 28 18 Inf 4 16 28 62 Inf
22 6 9 17 Inf 22 Inf 4 16 16
7 3 Inf 7 6 Inf 7 1 7 4
16 Inf 12 2 1 8 6 13 9 10
32 25 17 28 18 Inf 2 11 20 27
25 22 Inf 2 7 11 16 19 18 2
27 22 12 8 15 11 Inf 16 12 12
156 49 87 86 41 Inf 74 7 Inf 9
28 10 Inf 4 1 9 10 Inf Inf 13
15 6 12 14 4 Inf 4 2 8 15
26 18 9 14 17 7 13 18 13 12
18 6 6 2 13 5 1 11 15 13
72 Inf 5 28 52 61 47 69 24 48
23 18 15 3 20 6 12 Inf Inf 4
27 Inf 7 25 10 Inf Inf 26 14 23
1 2
1 41
1 69
1 70
2 3
3 4
3 68
4 6
4 7
5 6
5 24
5 30
6 8
7 8
8 12
9 10
10 11
11 12
12 13
12 14
13 23
14 23
15 16
16 17
16 18
17 19
18 19
19 20
19 22
19 57
20 21
21 23
22 23
23 25
23 31
23 33
24 25
25 26
25 27
25 28
25 29
26 35
27 35
28 35
29 35
30 31
31 32
32 35
33 34
34 35
35 36
35 44
35 48
35 51
35 53
35 56
35 60
35 61
35 62
36 37
37 38
38 39
39 40
40 42
41 42
42 43
43 50
44 45
45 46
46 47
47 50
48 49
49 50
51 52
52 54
53 54
54 55
57 58
58 59
59 60
61 65
62 63
63 64
64 65
64 66
64 67
