70
17 16 1 19 Inf 5 24 29 3 32 19 26 25 4 30 16 2
66 110 Inf 46 67 54 Inf 42 4 54 4 36 48 17 40 54 33
54 61 Inf 27 82 33 5 4 58 70 18 22 105 Inf 27 55 24
52 Inf 7 67 47 60 62 102 104 52 3 64 Inf 102 8 Inf 52
6 6 10 5 6 3 3 2 12 9 6 Inf 2 Inf 10 Inf 4
88 49 Inf 150 Inf 4 17 61 127 32 87 51 14 107 Inf 1 88
21 Inf 14 12 9 30 Inf 2 40 4 Inf 36 5 7 Inf 21 2
128 117 228 27 Inf 118 37 123 251 142 67 52 110 201 56 131 207
68 122 97 38 51 47 4 19 22 76 49 39 104 73 74 133 Inf
70 84 86 Inf 47 35 50 59 129 50 114 83 58 88 56 12 47
85 11 110 69 104 Inf 44 46 4 145 2 81 14 36 Inf 119 126
21 1 4 Inf 7 4 4 9 21 41 18 4 24 38 21 24 16
134 91 5 163 253 Inf 6 202 33 116 120 35 153 132 13 51 262
135 187 201 156 255 96 265 244 33 33 79 Inf 128 193 200 Inf 141
94 12 151 170 110 181 165 51 111 163 127 Inf 92 8 86 Inf 97
90 40 146 19 29 3 70 47 6 166 98 Inf Inf 152 77 Inf Inf
50 55 33 67 56 8 17 87 2 78 36 93 92 72 Inf 23 91
143 5 284 Inf 107 44 59 250 27 28 24 Inf 196 118 Inf 34 235
19 33 5 8 31 8 35 36 5 1 36 12 11 8 13 2 6
54 75 9 Inf Inf 82 106 Inf 9 34 23 88 91 20 72 45 95
50 13 23 91 34 2 42 56 18 50 39 13 66 3 98 74 7
40 Inf 19 9 60 15 34 56 70 1 76 62 72 22 60 41 59
73 129 Inf 8 15 39 145 55 93 113 20 32 Inf 28 31 29 98
12 15 6 16 6 4 2 7 Inf 8 1 10 13 11 22 Inf 9
152 81 7 95 124 62 216 55 Inf 148 Inf 220 144 74 224 241 153
42 35 41 33 17 84 12 Inf Inf Inf 38 42 19 7 25 69 1
45 6 2 64 82 25 76 84 35 68 Inf Inf Inf 53 28 64 27
74 61 120 Inf Inf 64 57 100 Inf 16 79 102 30 63 87 99 94
26 8 2 46 48 24 1 6 36 11 47 37 12 Inf Inf 2 23
11 19 14 1 4 3 1 20 19 10 Inf 21 Inf Inf 15 Inf 10
31 36 48 55 22 30 58 59 8 25 4 26 20 12 53 Inf 6
50 2 44 27 44 72 83 83 11 88 81 15 Inf 69 17 20 43
102 190 23 14 48 64 51 139 115 54 54 166 7 86 147 109 129
46 60 88 9 39 32 Inf 36 52 54 70 75 41 21 51 72 72
35 2 34 2 57 29 67 37 11 44 49 68 7 19 Inf 69 56
40 4 55 6 45 79 29 6 36 19 35 2 41 40 12 72 41
2 2 Inf 1 4 2 2 2 1 1 3 1 2 1 3 3 Inf
1 2 2 2 2 2 1 1 2 2 Inf 2 1 2 2 Inf 2
3 1 5 Inf 1 6 4 2 3 2 Inf 1 4 3 5 3 4
13 7 16 17 10 2 6 21 23 17 26 2 4 25 24 22 10
16 28 6 9 6 32 12 31 5 23 12 25 6 13 3 25 14
25 2 Inf 48 Inf 41 34 10 39 26 31 23 20 35 43 30 36
21 25 4 21 35 9 11 26 1 Inf Inf 42 27 23 8 20 41
43 42 65 31 44 62 3 28 10 24 66 Inf 68 85 Inf 59 69
30 4 4 59 4 54 9 5 7 53 59 6 4 23 57 13 19
83 41 Inf 125 10 20 163 104 Inf 110 13 Inf 130 27 Inf Inf 139
89 138 110 46 158 Inf 130 101 118 128 170 32 Inf 148 110 Inf 167
56 76 84 30 65 Inf Inf 4 Inf 86 12 18 Inf 52 71 55 62
59 72 97 87 68 66 78 35 19 14 33 112 8 58 15 10 27
43 63 79 9 79 85 17 13 14 76 52 26 79 72 Inf 11 34
11 8 20 16 18 12 21 12 19 5 9 21 4 1 6 1 14
26 1 46 5 14 13 38 1 13 29 7 13 11 11 13 33 20
44 12 42 47 74 70 Inf 85 69 28 1 70 6 25 73 1 23
121 49 19 172 Inf 95 133 159 160 18 82 231 Inf 57 118 225 Inf
38 Inf 60 41 29 24 59 Inf 27 45 8 50 18 71 36 2 42
68 Inf 101 Inf Inf 59 66 81 87 Inf 46 46 65 60 133 100 110
22 36 40 5 44 7 44 39 Inf 29 15 Inf 20 13 1 16 39
7 1 12 12 2 7 14 10 5 Inf 5 13 5 3 2 14 6
16 20 Inf Inf 11 21 8 2 Inf 2 6 21 32 18 16 32 14
32 15 60 Inf 1 8 20 28 62 Inf 8 2 3 1 15 39 55
25 4 Inf 7 22 44 22 34 49 2 13 50 32 16 17 23 29
27 50 6 38 Inf 22 49 9 Inf 12 Inf 49 25 15 5 32 24
156 125 251 95 Inf 236 83 124 208 Inf 110 17 32 77 91 76 18
28 26 Inf Inf 18 23 48 35 23 8 15 26 48 25 29 50 Inf
15 Inf 30 20 9 Inf Inf 30 11 Inf 12 24 23 20 2 5 21
26 28 8 42 31 41 42 Inf 46 36 33 48 43 36 10 22 36
18 10 Inf Inf 1 Inf 4 32 27 26 30 17 36 27 3 7 34
72 144 135 Inf 3 76 13 70 Inf 38 47 130 28 2 33 132 75
23 10 27 Inf 33 Inf 7 30 39 15 1 1 42 4 37 16 Inf
27 16 15 Inf Inf 24 34 54 16 Inf 31 36 46 30 32 31 10
1 2
1 41
1 69
1 70
2 3
3 4
3 68
4 6
4 7
5 6
5 24
5 30
6 8
7 8
8 12
9 10
10 11
11 12
12 13
12 14
13 23
14 23
15 16
16 17
16 18
17 19
18 19
19 20
19 22
19 57
20 21
21 23
22 23
23 25
23 31
23 33
24 25
25 26
25 27
25 28
25 29
26 35
27 35
28 35
29 35
30 31
31 32
32 35
33 34
34 35
35 36
35 44
35 48
35 51
35 53
35 56
35 60
35 61
35 62
36 37
37 38
38 39
39 40
40 42
41 42
42 43
43 50
44 45
45 46
46 47
47 50
48 49
49 50
51 52
52 54
53 54
54 55
57 58
58 59
59 60
61 65
62 63
63 64
64 65
64 66
64 67
