70
17 1 8 8 10 Inf 5 11 8 1
66 7 34 50 66 66 34 51 44 20
54 11 14 Inf 26 8 53 27 12 8
52 51 Inf 52 45 28 28 7 30 3
6 2 5 6 6 3 1 3 4 5
88 78 40 4 61 34 63 4 80 45
21 8 17 17 11 3 Inf 6 4 7
128 119 16 1 80 62 73 Inf 11 118
68 47 Inf 33 66 Inf 40 37 9 44
70 17 29 24 3 7 64 13 24 17
85 8 61 19 43 33 57 58 65 69
21 19 5 16 5 13 19 5 5 18
134 38 1 19 5 93 103 113 23 10
135 Inf 2 Inf 13 53 Inf Inf Inf 72
94 Inf 54 33 91 20 58 17 20 39
90 Inf 7 Inf 80 21 Inf Inf 37 Inf
50 29 5 48 2 34 1 17 17 40
143 128 Inf 43 32 6 49 81 33 1
19 3 4 18 11 17 2 5 4 6
54 44 52 29 Inf 6 49 54 53 28
50 48 5 5 16 45 Inf 2 32 21
40 31 Inf 9 9 19 4 30 Inf 14
73 Inf 8 Inf 63 38 69 47 38 Inf
12 8 12 1 11 Inf 2 3 5 6
152 15 135 145 20 134 78 67 149 64
42 18 5 25 11 5 Inf Inf Inf 42
45 19 10 31 4 Inf 12 6 41 8
74 67 20 44 21 15 13 59 7 15
26 5 1 16 23 8 13 8 15 14
11 8 Inf 7 Inf 10 6 2 10 9
31 22 1 12 7 25 11 Inf 24 10
50 16 3 18 41 2 Inf Inf 47 Inf
102 34 32 40 72 69 68 52 34 59
46 44 32 27 28 6 38 11 28 2
35 11 25 11 35 20 24 9 15 27
40 3 8 40 31 12 13 37 9 6
2 2 2 1 1 1 1 2 2 2
1 1 1 Inf 1 1 1 1 1 1
3 3 2 1 2 1 2 1 1 1
13 Inf 7 3 1 12 1 2 3 9
16 7 Inf Inf 14 3 2 16 8 6
25 18 12 2 3 6 16 12 3 9
21 8 17 4 Inf 4 5 18 21 9
43 39 30 32 9 35 2 18 29 29
30 Inf 3 2 7 Inf 6 Inf 4 3
83 18 49 72 43 7 4 Inf 72 54
89 50 89 55 Inf 56 7 48 38 14
56 12 10 1 15 Inf 30 37 24 21
59 58 29 55 53 12 44 41 22 7
43 Inf 12 3 Inf Inf 7 7 14 26
11 Inf 10 3 6 Inf 4 Inf 2 1
26 Inf 24 2 20 8 10 20 21 2
44 3 10 27 3 14 10 4 23 30
121 117 112 20 4 101 29 13 35 92
38 30 Inf 26 20 19 16 21 10 6
68 1 45 13 25 Inf 54 64 Inf 6
22 4 1 17 5 14 7 1 8 20
7 6 1 4 7 6 5 3 6 7
16 13 2 12 3 5 15 2 10 Inf
32 12 19 20 27 8 13 2 11 17
25 23 10 1 22 13 24 19 14 19
27 2 1 Inf 19 5 14 8 Inf 2
156 86 116 115 130 11 1 46 1 5
28 18 12 26 14 Inf 21 13 14 8
15 12 8 Inf 15 4 3 2 7 8
26 24 17 Inf 3 23 24 16 24 17
18 12 7 2 7 5 16 4 7 15
72 68 51 63 38 36 Inf 2 17 Inf
23 18 6 15 23 11 Inf 20 16 12
27 8 Inf 21 6 7 19 Inf 16 12
1 2
1 41
1 69
1 70
2 3
3 4
3 68
4 6
4 7
5 6
5 24
5 30
6 8
7 8
8 12
9 10
10 11
11 12
12 13
12 14
13 23
14 23
15 16
16 17
16 18
17 19
18 19
19 20
19 22
19 57
20 21
21 23
22 23
23 25
23 31
23 33
24 25
25 26
25 27
25 28
25 29
26 35
27 35
28 35
29 35
30 31
31 32
32 35
33 34
34 35
35 36
35 44
35 48
35 51
35 53
35 56
35 60
35 61
35 62
36 37
37 38
38 39
39 40
40 42
41 42
42 43
43 50
44 45
45 46
46 47
47 50
48 49
49 50
51 52
52 54
53 54
54 55
57 58
58 59
59 60
61 65
62 63
63 64
64 65
64 66
64 67
